(5, 215)
(6, 212)
(6, 213)
(6, 214)
(6, 215)
(6, 216)
(6, 217)
(7, 211)
(7, 213)
(7, 214)
(7, 215)
(7, 216)
(7, 217)
(7, 218)
(7, 219)
(8, 210)
(8, 211)
(8, 213)
(8, 214)
(8, 215)
(8, 216)
(8, 217)
(8, 218)
(8, 219)
(8, 220)
(9, 210)
(9, 211)
(9, 216)
(9, 218)
(9, 219)
(9, 220)
(9, 221)
(10, 115)
(10, 116)
(10, 209)
(10, 217)
(10, 218)
(10, 219)
(10, 220)
(10, 221)
(10, 222)
(11, 209)
(11, 219)
(11, 220)
(11, 221)
(11, 222)
(11, 223)
(11, 224)
(12, 117)
(12, 118)
(12, 210)
(12, 211)
(12, 219)
(12, 221)
(12, 222)
(12, 223)
(12, 224)
(13, 209)
(13, 221)
(13, 222)
(13, 223)
(13, 224)
(13, 225)
(13, 226)
(14, 208)
(14, 209)
(14, 222)
(14, 223)
(14, 224)
(14, 225)
(14, 226)
(15, 208)
(15, 223)
(15, 224)
(15, 225)
(15, 226)
(15, 227)
(15, 228)
(15, 229)
(16, 208)
(16, 209)
(16, 210)
(16, 224)
(16, 225)
(16, 226)
(16, 227)
(16, 228)
(16, 229)
(17, 209)
(17, 225)
(17, 226)
(17, 227)
(17, 228)
(17, 230)
(17, 231)
(18, 207)
(18, 208)
(18, 225)
(18, 226)
(18, 227)
(18, 228)
(18, 229)
(18, 230)
(18, 231)
(18, 232)
(19, 207)
(19, 208)
(19, 209)
(19, 226)
(19, 227)
(19, 228)
(19, 229)
(19, 230)
(19, 231)
(19, 232)
(19, 233)
(20, 207)
(20, 208)
(20, 209)
(20, 227)
(20, 228)
(20, 229)
(20, 230)
(20, 231)
(20, 232)
(20, 233)
(20, 234)
(21, 207)
(21, 228)
(21, 229)
(21, 230)
(21, 231)
(21, 233)
(21, 234)
(21, 236)
(22, 207)
(22, 208)
(22, 209)
(22, 210)
(22, 227)
(22, 229)
(22, 230)
(22, 231)
(22, 232)
(22, 233)
(22, 234)
(22, 235)
(22, 236)
(22, 237)
(22, 238)
(23, 230)
(23, 231)
(23, 232)
(23, 233)
(23, 234)
(23, 235)
(23, 236)
(23, 237)
(23, 238)
(23, 239)
(24, 207)
(24, 208)
(24, 209)
(24, 210)
(24, 231)
(24, 232)
(24, 233)
(24, 234)
(24, 235)
(24, 236)
(24, 237)
(24, 238)
(24, 239)
(24, 240)
(25, 207)
(25, 208)
(25, 209)
(25, 233)
(25, 234)
(25, 235)
(25, 236)
(25, 237)
(25, 238)
(25, 239)
(25, 240)
(25, 241)
(25, 242)
(26, 207)
(26, 208)
(26, 209)
(26, 210)
(26, 233)
(26, 234)
(26, 235)
(26, 236)
(26, 237)
(26, 238)
(26, 239)
(26, 240)
(26, 241)
(26, 242)
(26, 243)
(26, 244)
(27, 207)
(27, 235)
(27, 236)
(27, 237)
(27, 238)
(27, 239)
(27, 240)
(27, 241)
(27, 242)
(27, 243)
(27, 244)
(27, 245)
(27, 246)
(28, 207)
(28, 208)
(28, 209)
(28, 233)
(28, 236)
(28, 237)
(28, 238)
(28, 239)
(28, 240)
(28, 241)
(28, 242)
(28, 243)
(28, 244)
(28, 245)
(28, 246)
(28, 247)
(29, 207)
(29, 208)
(29, 209)
(29, 213)
(29, 237)
(29, 238)
(29, 239)
(29, 240)
(29, 241)
(29, 242)
(29, 243)
(29, 244)
(29, 245)
(29, 246)
(29, 247)
(29, 248)
(29, 249)
(29, 250)
(30, 207)
(30, 208)
(30, 209)
(30, 210)
(30, 211)
(30, 236)
(30, 237)
(30, 238)
(30, 239)
(30, 240)
(30, 241)
(30, 242)
(30, 243)
(30, 244)
(30, 245)
(30, 246)
(30, 247)
(30, 248)
(30, 249)
(30, 250)
(30, 251)
(30, 252)
(30, 253)
(31, 207)
(31, 208)
(31, 209)
(31, 211)
(31, 239)
(31, 240)
(31, 241)
(31, 242)
(31, 243)
(31, 244)
(31, 245)
(31, 246)
(31, 248)
(31, 249)
(31, 250)
(31, 251)
(31, 252)
(31, 253)
(31, 254)
(31, 255)
(31, 256)
(31, 257)
(32, 207)
(32, 208)
(32, 209)
(32, 210)
(32, 240)
(32, 241)
(32, 243)
(32, 245)
(32, 246)
(32, 247)
(32, 248)
(32, 249)
(32, 250)
(32, 251)
(32, 253)
(32, 254)
(32, 255)
(32, 256)
(32, 257)
(32, 258)
(32, 259)
(32, 260)
(32, 261)
(32, 262)
(33, 208)
(33, 242)
(33, 243)
(33, 244)
(33, 245)
(33, 246)
(33, 247)
(33, 248)
(33, 249)
(33, 250)
(33, 251)
(33, 252)
(33, 253)
(33, 254)
(33, 255)
(33, 256)
(33, 257)
(33, 258)
(33, 259)
(33, 260)
(33, 261)
(33, 262)
(33, 263)
(33, 264)
(33, 265)
(33, 266)
(33, 267)
(33, 268)
(33, 269)
(33, 270)
(33, 271)
(34, 209)
(34, 210)
(34, 242)
(34, 243)
(34, 244)
(34, 245)
(34, 246)
(34, 247)
(34, 248)
(34, 249)
(34, 250)
(34, 251)
(34, 252)
(34, 253)
(34, 254)
(34, 255)
(34, 256)
(34, 257)
(34, 258)
(34, 259)
(34, 260)
(34, 261)
(34, 262)
(34, 263)
(34, 264)
(34, 265)
(34, 266)
(34, 267)
(34, 268)
(34, 269)
(34, 270)
(34, 271)
(34, 272)
(34, 273)
(34, 274)
(34, 275)
(34, 276)
(34, 277)
(34, 278)
(34, 279)
(34, 280)
(34, 281)
(35, 208)
(35, 209)
(35, 245)
(35, 247)
(35, 248)
(35, 249)
(35, 250)
(35, 251)
(35, 252)
(35, 253)
(35, 254)
(35, 255)
(35, 256)
(35, 257)
(35, 258)
(35, 259)
(35, 260)
(35, 261)
(35, 262)
(35, 263)
(35, 264)
(35, 265)
(35, 266)
(35, 267)
(35, 268)
(35, 269)
(35, 270)
(35, 271)
(35, 272)
(35, 273)
(35, 274)
(35, 275)
(35, 276)
(35, 277)
(35, 278)
(35, 279)
(35, 280)
(35, 281)
(35, 282)
(36, 208)
(36, 209)
(36, 210)
(36, 248)
(36, 250)
(36, 251)
(36, 252)
(36, 253)
(36, 254)
(36, 255)
(36, 256)
(36, 257)
(36, 258)
(36, 259)
(36, 260)
(36, 261)
(36, 262)
(36, 263)
(36, 264)
(36, 265)
(36, 266)
(36, 267)
(36, 268)
(36, 269)
(36, 270)
(36, 272)
(36, 273)
(36, 274)
(36, 275)
(36, 276)
(36, 277)
(36, 278)
(36, 279)
(36, 280)
(36, 281)
(36, 282)
(36, 283)
(36, 284)
(37, 209)
(37, 249)
(37, 251)
(37, 252)
(37, 253)
(37, 254)
(37, 256)
(37, 257)
(37, 258)
(37, 259)
(37, 260)
(37, 261)
(37, 262)
(37, 263)
(37, 264)
(37, 265)
(37, 266)
(37, 267)
(37, 268)
(37, 269)
(37, 270)
(37, 271)
(37, 272)
(37, 273)
(37, 274)
(37, 275)
(37, 276)
(37, 277)
(37, 278)
(37, 279)
(37, 280)
(37, 281)
(37, 282)
(37, 283)
(37, 284)
(37, 285)
(37, 286)
(38, 209)
(38, 210)
(38, 254)
(38, 255)
(38, 256)
(38, 259)
(38, 263)
(38, 264)
(38, 267)
(38, 268)
(38, 269)
(38, 270)
(38, 271)
(38, 272)
(38, 273)
(38, 274)
(38, 275)
(38, 276)
(38, 277)
(38, 278)
(38, 279)
(38, 280)
(38, 281)
(38, 282)
(38, 283)
(38, 284)
(38, 285)
(38, 286)
(38, 287)
(38, 288)
(39, 209)
(39, 258)
(39, 260)
(39, 269)
(39, 272)
(39, 273)
(39, 274)
(39, 275)
(39, 276)
(39, 277)
(39, 278)
(39, 279)
(39, 280)
(39, 281)
(39, 282)
(39, 283)
(39, 284)
(39, 285)
(39, 286)
(39, 287)
(39, 288)
(39, 289)
(40, 210)
(40, 211)
(40, 269)
(40, 274)
(40, 275)
(40, 277)
(40, 278)
(40, 280)
(40, 281)
(40, 283)
(40, 284)
(40, 285)
(40, 286)
(40, 287)
(40, 288)
(40, 289)
(40, 290)
(41, 210)
(41, 211)
(41, 274)
(41, 282)
(41, 283)
(41, 284)
(41, 285)
(41, 286)
(41, 287)
(41, 288)
(41, 290)
(41, 291)
(42, 210)
(42, 212)
(42, 213)
(42, 276)
(42, 283)
(42, 284)
(42, 285)
(42, 286)
(42, 287)
(42, 288)
(42, 289)
(42, 290)
(42, 291)
(42, 292)
(42, 293)
(43, 211)
(43, 283)
(43, 285)
(43, 286)
(43, 287)
(43, 288)
(43, 289)
(43, 290)
(43, 291)
(43, 292)
(43, 293)
(43, 294)
(44, 212)
(44, 283)
(44, 285)
(44, 286)
(44, 287)
(44, 288)
(44, 289)
(44, 290)
(44, 291)
(44, 292)
(44, 293)
(44, 294)
(44, 295)
(45, 213)
(45, 285)
(45, 286)
(45, 287)
(45, 288)
(45, 289)
(45, 290)
(45, 291)
(45, 292)
(45, 293)
(45, 294)
(45, 295)
(45, 296)
(45, 297)
(46, 212)
(46, 213)
(46, 214)
(46, 216)
(46, 286)
(46, 287)
(46, 288)
(46, 289)
(46, 290)
(46, 291)
(46, 292)
(46, 293)
(46, 294)
(46, 295)
(46, 296)
(46, 297)
(46, 298)
(46, 299)
(47, 287)
(47, 288)
(47, 289)
(47, 290)
(47, 291)
(47, 292)
(47, 293)
(47, 294)
(47, 296)
(47, 297)
(47, 298)
(47, 299)
(47, 300)
(47, 301)
(48, 291)
(48, 292)
(48, 293)
(48, 294)
(48, 295)
(48, 296)
(48, 297)
(48, 298)
(48, 299)
(48, 300)
(48, 301)
(48, 302)
(49, 289)
(49, 291)
(49, 292)
(49, 293)
(49, 294)
(49, 295)
(49, 296)
(49, 297)
(49, 298)
(49, 299)
(49, 300)
(49, 301)
(49, 302)
(49, 303)
(50, 291)
(50, 292)
(50, 293)
(50, 294)
(50, 295)
(50, 296)
(50, 297)
(50, 298)
(50, 299)
(50, 300)
(50, 301)
(50, 302)
(50, 303)
(50, 304)
(51, 294)
(51, 295)
(51, 296)
(51, 297)
(51, 298)
(51, 299)
(51, 300)
(51, 301)
(51, 302)
(51, 303)
(51, 304)
(51, 305)
(52, 294)
(52, 295)
(52, 296)
(52, 297)
(52, 298)
(52, 299)
(52, 300)
(52, 301)
(52, 302)
(52, 303)
(52, 304)
(52, 305)
(52, 306)
(53, 296)
(53, 297)
(53, 298)
(53, 299)
(53, 300)
(53, 301)
(53, 302)
(53, 303)
(53, 304)
(53, 305)
(53, 306)
(53, 307)
(54, 297)
(54, 298)
(54, 299)
(54, 300)
(54, 301)
(54, 302)
(54, 303)
(54, 304)
(54, 305)
(54, 306)
(54, 307)
(54, 308)
(54, 309)
(55, 298)
(55, 299)
(55, 300)
(55, 301)
(55, 302)
(55, 303)
(55, 304)
(55, 305)
(55, 306)
(55, 307)
(55, 308)
(55, 309)
(55, 310)
(56, 299)
(56, 300)
(56, 302)
(56, 303)
(56, 304)
(56, 305)
(56, 306)
(56, 307)
(56, 308)
(56, 309)
(56, 310)
(56, 311)
(57, 300)
(57, 301)
(57, 303)
(57, 304)
(57, 305)
(57, 306)
(57, 307)
(57, 308)
(57, 309)
(57, 310)
(57, 311)
(57, 312)
(57, 313)
(58, 258)
(58, 303)
(58, 304)
(58, 305)
(58, 306)
(58, 307)
(58, 308)
(58, 309)
(58, 310)
(58, 311)
(58, 312)
(58, 313)
(59, 304)
(59, 305)
(59, 306)
(59, 307)
(59, 308)
(59, 309)
(59, 310)
(59, 311)
(59, 312)
(59, 313)
(59, 314)
(60, 305)
(60, 306)
(60, 307)
(60, 308)
(60, 309)
(60, 310)
(60, 311)
(60, 312)
(60, 313)
(60, 314)
(60, 315)
(60, 316)
(61, 307)
(61, 308)
(61, 309)
(61, 310)
(61, 311)
(61, 312)
(61, 313)
(61, 314)
(61, 315)
(61, 317)
(62, 307)
(62, 308)
(62, 309)
(62, 310)
(62, 311)
(62, 312)
(62, 313)
(62, 314)
(62, 315)
(62, 316)
(62, 317)
(62, 318)
(63, 308)
(63, 309)
(63, 310)
(63, 311)
(63, 312)
(63, 313)
(63, 314)
(63, 315)
(63, 316)
(63, 317)
(63, 318)
(63, 319)
(63, 320)
(64, 309)
(64, 310)
(64, 311)
(64, 312)
(64, 313)
(64, 314)
(64, 315)
(64, 316)
(64, 317)
(64, 318)
(64, 319)
(64, 320)
(64, 321)
(65, 310)
(65, 311)
(65, 312)
(65, 313)
(65, 314)
(65, 315)
(65, 316)
(65, 317)
(65, 318)
(65, 319)
(65, 320)
(65, 321)
(65, 322)
(66, 310)
(66, 311)
(66, 312)
(66, 313)
(66, 314)
(66, 315)
(66, 316)
(66, 317)
(66, 318)
(66, 319)
(66, 320)
(66, 321)
(66, 322)
(66, 323)
(67, 313)
(67, 314)
(67, 315)
(67, 316)
(67, 317)
(67, 318)
(67, 319)
(67, 320)
(67, 321)
(67, 322)
(67, 323)
(67, 324)
(68, 313)
(68, 314)
(68, 315)
(68, 316)
(68, 317)
(68, 318)
(68, 319)
(68, 320)
(68, 321)
(68, 322)
(68, 324)
(68, 325)
(69, 315)
(69, 316)
(69, 317)
(69, 318)
(69, 319)
(69, 320)
(69, 321)
(69, 322)
(69, 323)
(69, 324)
(69, 325)
(69, 326)
(70, 314)
(70, 316)
(70, 317)
(70, 318)
(70, 319)
(70, 320)
(70, 321)
(70, 322)
(70, 323)
(70, 324)
(70, 325)
(70, 326)
(70, 327)
(71, 125)
(71, 153)
(71, 154)
(71, 247)
(71, 318)
(71, 319)
(71, 320)
(71, 321)
(71, 322)
(71, 323)
(71, 324)
(71, 325)
(71, 326)
(71, 327)
(71, 328)
(72, 155)
(72, 156)
(72, 157)
(72, 158)
(72, 244)
(72, 245)
(72, 246)
(72, 247)
(72, 248)
(72, 318)
(72, 319)
(72, 320)
(72, 321)
(72, 322)
(72, 323)
(72, 324)
(72, 325)
(72, 326)
(72, 327)
(72, 328)
(72, 329)
(73, 163)
(73, 165)
(73, 166)
(73, 167)
(73, 241)
(73, 242)
(73, 243)
(73, 244)
(73, 245)
(73, 246)
(73, 247)
(73, 249)
(73, 320)
(73, 321)
(73, 322)
(73, 323)
(73, 324)
(73, 325)
(73, 326)
(73, 327)
(73, 328)
(73, 329)
(74, 170)
(74, 171)
(74, 172)
(74, 173)
(74, 174)
(74, 239)
(74, 240)
(74, 241)
(74, 242)
(74, 243)
(74, 244)
(74, 245)
(74, 246)
(74, 247)
(74, 248)
(74, 249)
(74, 250)
(74, 251)
(74, 321)
(74, 322)
(74, 323)
(74, 324)
(74, 325)
(74, 326)
(74, 327)
(74, 328)
(74, 329)
(74, 330)
(74, 331)
(75, 173)
(75, 175)
(75, 176)
(75, 177)
(75, 178)
(75, 179)
(75, 180)
(75, 181)
(75, 229)
(75, 231)
(75, 232)
(75, 233)
(75, 234)
(75, 235)
(75, 236)
(75, 237)
(75, 238)
(75, 239)
(75, 240)
(75, 241)
(75, 243)
(75, 244)
(75, 245)
(75, 323)
(75, 324)
(75, 325)
(75, 326)
(75, 327)
(75, 328)
(75, 329)
(75, 330)
(76, 179)
(76, 181)
(76, 182)
(76, 183)
(76, 184)
(76, 185)
(76, 202)
(76, 203)
(76, 204)
(76, 205)
(76, 206)
(76, 207)
(76, 208)
(76, 209)
(76, 210)
(76, 211)
(76, 212)
(76, 213)
(76, 214)
(76, 215)
(76, 216)
(76, 217)
(76, 218)
(76, 219)
(76, 220)
(76, 221)
(76, 222)
(76, 224)
(76, 225)
(76, 226)
(76, 227)
(76, 228)
(76, 229)
(76, 230)
(76, 231)
(76, 232)
(76, 233)
(76, 234)
(76, 235)
(76, 236)
(76, 237)
(76, 238)
(76, 239)
(76, 240)
(76, 242)
(76, 243)
(76, 244)
(76, 251)
(76, 254)
(76, 323)
(76, 324)
(76, 325)
(76, 326)
(76, 327)
(76, 328)
(76, 329)
(76, 330)
(76, 331)
(76, 332)
(77, 181)
(77, 185)
(77, 186)
(77, 187)
(77, 188)
(77, 189)
(77, 190)
(77, 191)
(77, 192)
(77, 193)
(77, 194)
(77, 195)
(77, 196)
(77, 198)
(77, 199)
(77, 200)
(77, 201)
(77, 202)
(77, 203)
(77, 204)
(77, 205)
(77, 206)
(77, 207)
(77, 208)
(77, 209)
(77, 210)
(77, 211)
(77, 212)
(77, 213)
(77, 214)
(77, 215)
(77, 216)
(77, 217)
(77, 218)
(77, 219)
(77, 220)
(77, 221)
(77, 222)
(77, 223)
(77, 224)
(77, 225)
(77, 226)
(77, 227)
(77, 228)
(77, 229)
(77, 230)
(77, 231)
(77, 232)
(77, 233)
(77, 234)
(77, 235)
(77, 236)
(77, 237)
(77, 238)
(77, 239)
(77, 241)
(77, 242)
(77, 325)
(77, 326)
(77, 327)
(77, 328)
(77, 329)
(77, 330)
(77, 331)
(77, 332)
(77, 333)
(78, 190)
(78, 191)
(78, 192)
(78, 193)
(78, 194)
(78, 195)
(78, 196)
(78, 197)
(78, 198)
(78, 199)
(78, 200)
(78, 202)
(78, 203)
(78, 204)
(78, 206)
(78, 208)
(78, 209)
(78, 210)
(78, 211)
(78, 212)
(78, 214)
(78, 216)
(78, 218)
(78, 222)
(78, 223)
(78, 224)
(78, 225)
(78, 226)
(78, 227)
(78, 228)
(78, 229)
(78, 230)
(78, 231)
(78, 232)
(78, 233)
(78, 234)
(78, 235)
(78, 236)
(78, 238)
(78, 326)
(78, 327)
(78, 328)
(78, 329)
(78, 330)
(78, 331)
(78, 332)
(78, 333)
(79, 196)
(79, 236)
(79, 242)
(79, 327)
(79, 328)
(79, 329)
(79, 330)
(79, 331)
(79, 332)
(79, 333)
(79, 334)
(80, 195)
(80, 218)
(80, 236)
(80, 240)
(80, 327)
(80, 328)
(80, 329)
(80, 330)
(80, 331)
(80, 332)
(80, 333)
(80, 334)
(81, 329)
(81, 330)
(81, 331)
(81, 332)
(81, 333)
(81, 334)
(81, 335)
(82, 330)
(82, 331)
(82, 332)
(82, 333)
(82, 334)
(82, 335)
(82, 336)
(83, 329)
(83, 331)
(83, 332)
(83, 333)
(83, 334)
(83, 335)
(83, 336)
(84, 332)
(84, 333)
(84, 334)
(84, 335)
(84, 336)
(84, 337)
(85, 332)
(85, 333)
(85, 334)
(85, 335)
(85, 336)
(85, 337)
(86, 332)
(86, 334)
(86, 335)
(86, 336)
(86, 337)
(86, 338)
(87, 334)
(87, 335)
(87, 336)
(87, 337)
(87, 338)
(88, 335)
(88, 336)
(88, 337)
(88, 338)
(88, 339)
(89, 337)
(89, 338)
(89, 339)
(89, 340)
(89, 341)
(90, 336)
(90, 337)
(90, 338)
(90, 339)
(90, 340)
(90, 341)
(90, 342)
(91, 337)
(91, 338)
(91, 339)
(91, 340)
(91, 341)
(91, 342)
(91, 343)
(91, 345)
(92, 337)
(92, 338)
(92, 339)
(92, 340)
(92, 341)
(92, 342)
(92, 343)
(92, 344)
(92, 345)
(93, 339)
(93, 340)
(93, 341)
(93, 342)
(93, 343)
(93, 344)
(93, 345)
(94, 338)
(94, 339)
(94, 340)
(94, 341)
(94, 342)
(94, 343)
(94, 344)
(94, 345)
(95, 341)
(95, 343)
(95, 344)
(95, 345)
(96, 343)
(96, 344)
(96, 345)
(116, 290)
(117, 143)
(117, 146)
(117, 147)
(117, 148)
(117, 150)
(117, 151)
(117, 152)
(117, 153)
(117, 154)
(117, 155)
(117, 156)
(117, 157)
(117, 158)
(117, 159)
(117, 160)
(117, 161)
(117, 163)
(117, 164)
(117, 165)
(117, 166)
(117, 167)
(117, 168)
(117, 169)
(117, 171)
(117, 173)
(117, 183)
(118, 139)
(118, 140)
(118, 141)
(118, 142)
(118, 143)
(118, 144)
(118, 145)
(118, 146)
(118, 148)
(118, 150)
(118, 153)
(118, 154)
(118, 155)
(118, 156)
(118, 158)
(118, 160)
(118, 161)
(118, 162)
(118, 163)
(118, 164)
(118, 165)
(118, 166)
(118, 167)
(118, 168)
(118, 169)
(118, 170)
(118, 171)
(118, 172)
(118, 173)
(118, 174)
(118, 179)
(118, 180)
(118, 181)
(118, 182)
(119, 135)
(119, 139)
(119, 156)
(119, 161)
(119, 179)
(120, 130)
(121, 164)
(124, 105)
(125, 99)
(125, 101)
(125, 102)
(125, 103)
(126, 95)
(126, 96)
(127, 92)
(127, 98)
(128, 160)
(129, 86)
(148, 181)
(148, 182)
(149, 173)
(149, 174)
(149, 175)
(149, 176)
(149, 177)
(149, 179)
(149, 180)
(150, 168)
(150, 169)
(150, 170)
(150, 174)
(150, 176)
(153, 154)
(162, 101)
(162, 115)
(164, 312)
(172, 345)
(181, 198)
(181, 199)
(182, 195)
(182, 196)
(182, 197)
(182, 198)
(182, 199)
(182, 200)
(182, 201)
(183, 193)
(183, 194)
(183, 195)
(183, 196)
(183, 197)
(184, 194)
(185, 191)
(186, 186)
(188, 182)
(190, 178)
(192, 176)
(193, 174)
(194, 174)
(198, 166)
(198, 168)
(199, 163)
(208, 144)
(258, 259)
(258, 260)
(259, 260)
