(0, 276)
(2, 20)
(28, 286)
(34, 78)
(42, 206)
(44, 110)
(44, 195)
(68, 95)
(70, 345)
(74, 345)
(78, 137)
(90, 345)
(94, 345)
(106, 345)
(116, 290)
(134, 149)
(134, 150)
(134, 151)
(134, 152)
(134, 153)
(134, 154)
(134, 155)
(134, 156)
(134, 157)
(134, 158)
(134, 159)
(134, 160)
(134, 161)
(134, 162)
(134, 163)
(134, 336)
(135, 144)
(135, 145)
(135, 146)
(135, 147)
(135, 148)
(135, 149)
(135, 150)
(135, 151)
(135, 152)
(135, 153)
(135, 154)
(135, 155)
(135, 156)
(135, 157)
(135, 158)
(135, 159)
(135, 160)
(135, 161)
(135, 162)
(135, 163)
(135, 164)
(135, 165)
(135, 166)
(136, 140)
(136, 141)
(136, 142)
(136, 143)
(136, 144)
(136, 145)
(136, 146)
(136, 147)
(136, 149)
(136, 150)
(136, 151)
(136, 152)
(136, 153)
(136, 154)
(136, 155)
(136, 156)
(136, 157)
(136, 158)
(136, 159)
(136, 160)
(136, 161)
(136, 162)
(136, 163)
(136, 164)
(136, 165)
(136, 166)
(136, 167)
(136, 168)
(136, 169)
(136, 170)
(137, 137)
(137, 138)
(137, 139)
(137, 140)
(137, 141)
(137, 142)
(137, 143)
(137, 144)
(137, 145)
(137, 146)
(137, 147)
(137, 148)
(137, 149)
(137, 150)
(137, 151)
(137, 152)
(137, 153)
(137, 154)
(137, 155)
(137, 156)
(137, 157)
(137, 158)
(137, 159)
(137, 160)
(137, 161)
(137, 162)
(137, 163)
(137, 164)
(137, 165)
(137, 166)
(137, 167)
(137, 168)
(137, 169)
(137, 170)
(137, 171)
(137, 172)
(137, 173)
(137, 174)
(138, 135)
(138, 136)
(138, 137)
(138, 138)
(138, 139)
(138, 140)
(138, 141)
(138, 142)
(138, 143)
(138, 144)
(138, 145)
(138, 146)
(138, 147)
(138, 148)
(138, 149)
(138, 150)
(138, 151)
(138, 152)
(138, 153)
(138, 154)
(138, 155)
(138, 156)
(138, 157)
(138, 158)
(138, 159)
(138, 160)
(138, 161)
(138, 162)
(138, 163)
(138, 164)
(138, 165)
(138, 166)
(138, 167)
(138, 168)
(138, 169)
(138, 170)
(138, 171)
(138, 172)
(138, 173)
(138, 174)
(138, 175)
(138, 176)
(139, 133)
(139, 134)
(139, 135)
(139, 136)
(139, 137)
(139, 138)
(139, 139)
(139, 140)
(139, 141)
(139, 142)
(139, 143)
(139, 144)
(139, 145)
(139, 146)
(139, 147)
(139, 148)
(139, 149)
(139, 150)
(139, 151)
(139, 152)
(139, 153)
(139, 154)
(139, 155)
(139, 156)
(139, 157)
(139, 158)
(139, 159)
(139, 160)
(139, 161)
(139, 162)
(139, 163)
(139, 164)
(139, 165)
(139, 166)
(139, 167)
(139, 168)
(139, 169)
(139, 170)
(139, 171)
(139, 172)
(139, 173)
(139, 174)
(139, 175)
(139, 176)
(139, 177)
(139, 178)
(140, 132)
(140, 133)
(140, 134)
(140, 135)
(140, 136)
(140, 137)
(140, 138)
(140, 139)
(140, 140)
(140, 141)
(140, 142)
(140, 143)
(140, 144)
(140, 145)
(140, 146)
(140, 147)
(140, 148)
(140, 149)
(140, 150)
(140, 151)
(140, 152)
(140, 153)
(140, 154)
(140, 155)
(140, 156)
(140, 157)
(140, 158)
(140, 159)
(140, 160)
(140, 161)
(140, 162)
(140, 163)
(140, 164)
(140, 165)
(140, 166)
(140, 167)
(140, 168)
(140, 169)
(140, 170)
(140, 171)
(140, 172)
(140, 173)
(140, 174)
(140, 175)
(140, 176)
(140, 177)
(140, 178)
(140, 179)
(141, 131)
(141, 132)
(141, 133)
(141, 134)
(141, 135)
(141, 136)
(141, 137)
(141, 138)
(141, 139)
(141, 140)
(141, 141)
(141, 142)
(141, 143)
(141, 144)
(141, 145)
(141, 146)
(141, 147)
(141, 148)
(141, 149)
(141, 150)
(141, 151)
(141, 152)
(141, 153)
(141, 154)
(141, 155)
(141, 156)
(141, 157)
(141, 158)
(141, 159)
(141, 160)
(141, 161)
(141, 162)
(141, 163)
(141, 164)
(141, 165)
(141, 166)
(141, 167)
(141, 168)
(141, 169)
(141, 170)
(141, 171)
(141, 172)
(141, 173)
(141, 174)
(141, 175)
(141, 176)
(141, 177)
(141, 178)
(141, 179)
(141, 180)
(141, 181)
(142, 129)
(142, 130)
(142, 131)
(142, 132)
(142, 133)
(142, 134)
(142, 135)
(142, 136)
(142, 137)
(142, 138)
(142, 139)
(142, 140)
(142, 141)
(142, 142)
(142, 143)
(142, 144)
(142, 145)
(142, 146)
(142, 147)
(142, 148)
(142, 149)
(142, 150)
(142, 151)
(142, 152)
(142, 153)
(142, 154)
(142, 155)
(142, 156)
(142, 157)
(142, 158)
(142, 159)
(142, 160)
(142, 161)
(142, 162)
(142, 163)
(142, 164)
(142, 165)
(142, 166)
(142, 167)
(142, 168)
(142, 169)
(142, 170)
(142, 171)
(142, 172)
(142, 173)
(142, 174)
(142, 175)
(142, 176)
(142, 177)
(142, 178)
(142, 179)
(142, 180)
(142, 181)
(142, 182)
(143, 128)
(143, 129)
(143, 130)
(143, 131)
(143, 132)
(143, 133)
(143, 134)
(143, 135)
(143, 136)
(143, 137)
(143, 138)
(143, 139)
(143, 140)
(143, 141)
(143, 142)
(143, 143)
(143, 144)
(143, 145)
(143, 146)
(143, 147)
(143, 148)
(143, 149)
(143, 150)
(143, 151)
(143, 152)
(143, 153)
(143, 154)
(143, 155)
(143, 156)
(143, 157)
(143, 158)
(143, 159)
(143, 160)
(143, 161)
(143, 162)
(143, 163)
(143, 164)
(143, 165)
(143, 166)
(143, 167)
(143, 168)
(143, 169)
(143, 170)
(143, 171)
(143, 172)
(143, 173)
(143, 174)
(143, 175)
(143, 176)
(143, 177)
(143, 178)
(143, 179)
(143, 180)
(143, 181)
(143, 182)
(143, 183)
(143, 184)
(144, 127)
(144, 128)
(144, 129)
(144, 130)
(144, 131)
(144, 132)
(144, 133)
(144, 134)
(144, 135)
(144, 136)
(144, 137)
(144, 138)
(144, 139)
(144, 140)
(144, 141)
(144, 142)
(144, 143)
(144, 144)
(144, 145)
(144, 146)
(144, 147)
(144, 148)
(144, 149)
(144, 150)
(144, 151)
(144, 152)
(144, 153)
(144, 154)
(144, 155)
(144, 156)
(144, 157)
(144, 158)
(144, 159)
(144, 160)
(144, 161)
(144, 162)
(144, 163)
(144, 164)
(144, 165)
(144, 166)
(144, 167)
(144, 168)
(144, 169)
(144, 170)
(144, 171)
(144, 172)
(144, 173)
(144, 174)
(144, 175)
(144, 176)
(144, 177)
(144, 178)
(144, 179)
(144, 180)
(144, 181)
(144, 182)
(144, 183)
(144, 184)
(144, 185)
(144, 345)
(145, 126)
(145, 127)
(145, 128)
(145, 129)
(145, 130)
(145, 131)
(145, 132)
(145, 133)
(145, 134)
(145, 135)
(145, 136)
(145, 137)
(145, 138)
(145, 139)
(145, 140)
(145, 141)
(145, 142)
(145, 143)
(145, 144)
(145, 145)
(145, 146)
(145, 147)
(145, 148)
(145, 149)
(145, 150)
(145, 151)
(145, 152)
(145, 153)
(145, 154)
(145, 155)
(145, 156)
(145, 157)
(145, 158)
(145, 159)
(145, 160)
(145, 161)
(145, 162)
(145, 163)
(145, 164)
(145, 165)
(145, 166)
(145, 167)
(145, 168)
(145, 169)
(145, 170)
(145, 171)
(145, 172)
(145, 173)
(145, 174)
(145, 175)
(145, 176)
(145, 177)
(145, 178)
(145, 179)
(145, 180)
(145, 181)
(145, 182)
(145, 183)
(145, 184)
(145, 185)
(145, 186)
(146, 124)
(146, 125)
(146, 126)
(146, 127)
(146, 128)
(146, 129)
(146, 130)
(146, 131)
(146, 132)
(146, 133)
(146, 134)
(146, 135)
(146, 136)
(146, 137)
(146, 138)
(146, 139)
(146, 140)
(146, 141)
(146, 142)
(146, 143)
(146, 144)
(146, 145)
(146, 146)
(146, 147)
(146, 148)
(146, 149)
(146, 150)
(146, 151)
(146, 152)
(146, 153)
(146, 154)
(146, 155)
(146, 156)
(146, 157)
(146, 158)
(146, 159)
(146, 160)
(146, 161)
(146, 162)
(146, 163)
(146, 164)
(146, 165)
(146, 166)
(146, 167)
(146, 168)
(146, 169)
(146, 170)
(146, 171)
(146, 172)
(146, 173)
(146, 174)
(146, 175)
(146, 176)
(146, 177)
(146, 178)
(146, 179)
(146, 180)
(146, 181)
(146, 182)
(146, 183)
(146, 184)
(146, 185)
(146, 186)
(146, 187)
(147, 123)
(147, 124)
(147, 125)
(147, 126)
(147, 127)
(147, 128)
(147, 129)
(147, 130)
(147, 131)
(147, 132)
(147, 133)
(147, 134)
(147, 135)
(147, 136)
(147, 137)
(147, 138)
(147, 139)
(147, 140)
(147, 141)
(147, 142)
(147, 143)
(147, 144)
(147, 145)
(147, 146)
(147, 147)
(147, 148)
(147, 149)
(147, 150)
(147, 151)
(147, 152)
(147, 153)
(147, 154)
(147, 155)
(147, 156)
(147, 157)
(147, 158)
(147, 159)
(147, 160)
(147, 161)
(147, 162)
(147, 163)
(147, 164)
(147, 165)
(147, 166)
(147, 167)
(147, 168)
(147, 169)
(147, 170)
(147, 171)
(147, 172)
(147, 173)
(147, 174)
(147, 175)
(147, 176)
(147, 177)
(147, 178)
(147, 179)
(147, 180)
(147, 181)
(147, 182)
(147, 183)
(147, 184)
(147, 185)
(147, 186)
(147, 187)
(147, 188)
(147, 254)
(148, 122)
(148, 123)
(148, 124)
(148, 125)
(148, 126)
(148, 127)
(148, 128)
(148, 129)
(148, 130)
(148, 131)
(148, 132)
(148, 133)
(148, 134)
(148, 135)
(148, 136)
(148, 137)
(148, 138)
(148, 139)
(148, 140)
(148, 141)
(148, 142)
(148, 143)
(148, 144)
(148, 145)
(148, 146)
(148, 147)
(148, 148)
(148, 149)
(148, 150)
(148, 151)
(148, 152)
(148, 153)
(148, 154)
(148, 155)
(148, 156)
(148, 157)
(148, 158)
(148, 159)
(148, 160)
(148, 161)
(148, 162)
(148, 163)
(148, 164)
(148, 165)
(148, 166)
(148, 167)
(148, 168)
(148, 169)
(148, 170)
(148, 171)
(148, 172)
(148, 173)
(148, 174)
(148, 175)
(148, 176)
(148, 177)
(148, 178)
(148, 179)
(148, 180)
(148, 181)
(148, 182)
(148, 183)
(148, 184)
(148, 185)
(148, 186)
(148, 187)
(148, 188)
(148, 189)
(148, 278)
(149, 121)
(149, 122)
(149, 123)
(149, 124)
(149, 125)
(149, 126)
(149, 127)
(149, 128)
(149, 129)
(149, 130)
(149, 131)
(149, 132)
(149, 133)
(149, 134)
(149, 135)
(149, 136)
(149, 137)
(149, 138)
(149, 139)
(149, 140)
(149, 141)
(149, 142)
(149, 143)
(149, 144)
(149, 145)
(149, 146)
(149, 147)
(149, 148)
(149, 149)
(149, 150)
(149, 151)
(149, 152)
(149, 153)
(149, 154)
(149, 155)
(149, 156)
(149, 157)
(149, 158)
(149, 159)
(149, 160)
(149, 161)
(149, 162)
(149, 163)
(149, 164)
(149, 165)
(149, 166)
(149, 167)
(149, 168)
(149, 169)
(149, 170)
(149, 171)
(149, 172)
(149, 173)
(149, 174)
(149, 175)
(149, 176)
(149, 177)
(149, 178)
(149, 179)
(149, 180)
(149, 181)
(149, 182)
(149, 183)
(149, 184)
(149, 185)
(149, 186)
(149, 187)
(149, 188)
(149, 189)
(149, 190)
(150, 120)
(150, 121)
(150, 122)
(150, 123)
(150, 124)
(150, 125)
(150, 126)
(150, 127)
(150, 128)
(150, 129)
(150, 130)
(150, 131)
(150, 132)
(150, 133)
(150, 134)
(150, 135)
(150, 136)
(150, 137)
(150, 138)
(150, 139)
(150, 140)
(150, 141)
(150, 142)
(150, 143)
(150, 144)
(150, 145)
(150, 146)
(150, 147)
(150, 148)
(150, 149)
(150, 150)
(150, 151)
(150, 152)
(150, 153)
(150, 154)
(150, 155)
(150, 156)
(150, 157)
(150, 158)
(150, 159)
(150, 160)
(150, 161)
(150, 162)
(150, 163)
(150, 164)
(150, 165)
(150, 166)
(150, 167)
(150, 168)
(150, 169)
(150, 170)
(150, 171)
(150, 172)
(150, 173)
(150, 174)
(150, 175)
(150, 176)
(150, 177)
(150, 178)
(150, 179)
(150, 180)
(150, 181)
(150, 182)
(150, 183)
(150, 184)
(150, 185)
(150, 186)
(150, 187)
(150, 188)
(150, 189)
(150, 190)
(150, 191)
(151, 119)
(151, 120)
(151, 121)
(151, 122)
(151, 123)
(151, 124)
(151, 125)
(151, 126)
(151, 127)
(151, 128)
(151, 129)
(151, 130)
(151, 131)
(151, 132)
(151, 133)
(151, 134)
(151, 135)
(151, 136)
(151, 137)
(151, 138)
(151, 139)
(151, 140)
(151, 141)
(151, 142)
(151, 143)
(151, 144)
(151, 145)
(151, 146)
(151, 147)
(151, 148)
(151, 149)
(151, 150)
(151, 151)
(151, 152)
(151, 153)
(151, 154)
(151, 155)
(151, 156)
(151, 157)
(151, 158)
(151, 159)
(151, 160)
(151, 161)
(151, 162)
(151, 163)
(151, 164)
(151, 165)
(151, 166)
(151, 167)
(151, 168)
(151, 169)
(151, 170)
(151, 171)
(151, 172)
(151, 173)
(151, 174)
(151, 175)
(151, 176)
(151, 177)
(151, 178)
(151, 179)
(151, 180)
(151, 181)
(151, 182)
(151, 183)
(151, 184)
(151, 185)
(151, 186)
(151, 187)
(151, 188)
(151, 189)
(151, 190)
(151, 191)
(151, 192)
(152, 120)
(152, 121)
(152, 122)
(152, 123)
(152, 124)
(152, 125)
(152, 126)
(152, 127)
(152, 128)
(152, 129)
(152, 130)
(152, 131)
(152, 132)
(152, 133)
(152, 134)
(152, 135)
(152, 136)
(152, 137)
(152, 138)
(152, 139)
(152, 140)
(152, 141)
(152, 142)
(152, 145)
(152, 146)
(152, 147)
(152, 148)
(152, 149)
(152, 150)
(152, 152)
(152, 153)
(152, 154)
(152, 155)
(152, 156)
(152, 157)
(152, 159)
(152, 160)
(152, 161)
(152, 162)
(152, 163)
(152, 164)
(152, 165)
(152, 166)
(152, 167)
(152, 168)
(152, 169)
(152, 170)
(152, 171)
(152, 172)
(152, 173)
(152, 174)
(152, 175)
(152, 176)
(152, 177)
(152, 178)
(152, 179)
(152, 180)
(152, 181)
(152, 182)
(152, 183)
(152, 184)
(152, 185)
(152, 186)
(152, 187)
(152, 188)
(152, 189)
(152, 190)
(152, 191)
(152, 192)
(153, 118)
(153, 119)
(153, 120)
(153, 121)
(153, 122)
(153, 123)
(153, 124)
(153, 125)
(153, 126)
(153, 127)
(153, 128)
(153, 129)
(153, 130)
(153, 131)
(153, 132)
(153, 133)
(153, 134)
(153, 135)
(153, 136)
(153, 137)
(153, 138)
(153, 139)
(153, 140)
(153, 141)
(153, 142)
(153, 143)
(153, 144)
(153, 145)
(153, 146)
(153, 147)
(153, 148)
(153, 149)
(153, 150)
(153, 151)
(153, 152)
(153, 153)
(153, 154)
(153, 155)
(153, 156)
(153, 157)
(153, 158)
(153, 159)
(153, 160)
(153, 161)
(153, 162)
(153, 163)
(153, 165)
(153, 166)
(153, 167)
(153, 168)
(153, 169)
(153, 170)
(153, 171)
(153, 172)
(153, 173)
(153, 174)
(153, 175)
(153, 176)
(153, 177)
(153, 178)
(153, 179)
(153, 180)
(153, 181)
(153, 182)
(153, 183)
(153, 184)
(153, 185)
(153, 186)
(153, 187)
(153, 188)
(153, 189)
(153, 190)
(153, 191)
(153, 192)
(153, 193)
(154, 117)
(154, 118)
(154, 119)
(154, 120)
(154, 121)
(154, 122)
(154, 123)
(154, 124)
(154, 125)
(154, 126)
(154, 127)
(154, 128)
(154, 129)
(154, 130)
(154, 131)
(154, 132)
(154, 133)
(154, 134)
(154, 135)
(154, 136)
(154, 137)
(154, 138)
(154, 139)
(154, 140)
(154, 141)
(154, 142)
(154, 143)
(154, 144)
(154, 145)
(154, 146)
(154, 147)
(154, 149)
(154, 150)
(154, 151)
(154, 152)
(154, 153)
(154, 154)
(154, 155)
(154, 156)
(154, 157)
(154, 158)
(154, 159)
(154, 160)
(154, 161)
(154, 162)
(154, 164)
(154, 165)
(154, 166)
(154, 167)
(154, 168)
(154, 169)
(154, 170)
(154, 171)
(154, 172)
(154, 173)
(154, 174)
(154, 175)
(154, 176)
(154, 177)
(154, 178)
(154, 179)
(154, 180)
(154, 181)
(154, 182)
(154, 183)
(154, 184)
(154, 185)
(154, 186)
(154, 187)
(154, 188)
(154, 189)
(154, 190)
(154, 191)
(154, 192)
(154, 193)
(154, 194)
(155, 118)
(155, 119)
(155, 120)
(155, 121)
(155, 122)
(155, 123)
(155, 124)
(155, 125)
(155, 126)
(155, 127)
(155, 128)
(155, 129)
(155, 130)
(155, 131)
(155, 132)
(155, 133)
(155, 134)
(155, 135)
(155, 136)
(155, 137)
(155, 138)
(155, 139)
(155, 140)
(155, 141)
(155, 142)
(155, 145)
(155, 146)
(155, 147)
(155, 151)
(155, 152)
(155, 153)
(155, 154)
(155, 155)
(155, 156)
(155, 157)
(155, 158)
(155, 159)
(155, 160)
(155, 162)
(155, 163)
(155, 164)
(155, 165)
(155, 167)
(155, 168)
(155, 169)
(155, 170)
(155, 171)
(155, 172)
(155, 174)
(155, 175)
(155, 176)
(155, 177)
(155, 178)
(155, 179)
(155, 180)
(155, 181)
(155, 182)
(155, 183)
(155, 184)
(155, 185)
(155, 186)
(155, 187)
(155, 188)
(155, 189)
(155, 190)
(155, 191)
(155, 192)
(155, 193)
(155, 194)
(155, 195)
(156, 116)
(156, 117)
(156, 118)
(156, 119)
(156, 120)
(156, 121)
(156, 122)
(156, 123)
(156, 124)
(156, 125)
(156, 126)
(156, 127)
(156, 128)
(156, 129)
(156, 130)
(156, 131)
(156, 132)
(156, 133)
(156, 134)
(156, 135)
(156, 136)
(156, 138)
(156, 139)
(156, 140)
(156, 141)
(156, 142)
(156, 143)
(156, 144)
(156, 145)
(156, 147)
(156, 149)
(156, 150)
(156, 151)
(156, 152)
(156, 153)
(156, 154)
(156, 156)
(156, 157)
(156, 158)
(156, 159)
(156, 164)
(156, 165)
(156, 166)
(156, 167)
(156, 168)
(156, 169)
(156, 170)
(156, 171)
(156, 172)
(156, 173)
(156, 174)
(156, 175)
(156, 176)
(156, 177)
(156, 178)
(156, 179)
(156, 180)
(156, 181)
(156, 182)
(156, 183)
(156, 184)
(156, 185)
(156, 186)
(156, 187)
(156, 188)
(156, 189)
(156, 190)
(156, 191)
(156, 192)
(156, 193)
(156, 194)
(156, 195)
(157, 115)
(157, 116)
(157, 117)
(157, 118)
(157, 119)
(157, 120)
(157, 121)
(157, 122)
(157, 123)
(157, 124)
(157, 125)
(157, 126)
(157, 127)
(157, 128)
(157, 129)
(157, 130)
(157, 131)
(157, 132)
(157, 133)
(157, 134)
(157, 136)
(157, 137)
(157, 140)
(157, 141)
(157, 143)
(157, 145)
(157, 146)
(157, 147)
(157, 149)
(157, 150)
(157, 151)
(157, 155)
(157, 161)
(157, 163)
(157, 165)
(157, 166)
(157, 167)
(157, 168)
(157, 169)
(157, 170)
(157, 171)
(157, 173)
(157, 174)
(157, 175)
(157, 176)
(157, 177)
(157, 178)
(157, 179)
(157, 180)
(157, 181)
(157, 182)
(157, 183)
(157, 184)
(157, 185)
(157, 186)
(157, 187)
(157, 188)
(157, 189)
(157, 190)
(157, 191)
(157, 192)
(157, 193)
(157, 194)
(157, 195)
(157, 196)
(158, 115)
(158, 116)
(158, 117)
(158, 118)
(158, 119)
(158, 120)
(158, 121)
(158, 122)
(158, 123)
(158, 124)
(158, 125)
(158, 126)
(158, 127)
(158, 128)
(158, 129)
(158, 130)
(158, 131)
(158, 132)
(158, 133)
(158, 134)
(158, 135)
(158, 136)
(158, 137)
(158, 139)
(158, 140)
(158, 142)
(158, 143)
(158, 144)
(158, 157)
(158, 166)
(158, 167)
(158, 168)
(158, 169)
(158, 170)
(158, 171)
(158, 172)
(158, 173)
(158, 174)
(158, 175)
(158, 176)
(158, 177)
(158, 178)
(158, 179)
(158, 180)
(158, 181)
(158, 182)
(158, 183)
(158, 184)
(158, 185)
(158, 186)
(158, 187)
(158, 188)
(158, 189)
(158, 190)
(158, 191)
(158, 192)
(158, 193)
(158, 194)
(158, 195)
(158, 196)
(158, 197)
(159, 114)
(159, 115)
(159, 116)
(159, 117)
(159, 118)
(159, 119)
(159, 120)
(159, 121)
(159, 122)
(159, 123)
(159, 124)
(159, 125)
(159, 126)
(159, 127)
(159, 128)
(159, 129)
(159, 130)
(159, 131)
(159, 135)
(159, 136)
(159, 165)
(159, 167)
(159, 168)
(159, 169)
(159, 170)
(159, 171)
(159, 172)
(159, 173)
(159, 175)
(159, 176)
(159, 177)
(159, 178)
(159, 179)
(159, 180)
(159, 182)
(159, 183)
(159, 184)
(159, 185)
(159, 186)
(159, 187)
(159, 188)
(159, 189)
(159, 190)
(159, 191)
(159, 192)
(159, 193)
(159, 194)
(159, 195)
(159, 196)
(159, 197)
(160, 114)
(160, 115)
(160, 116)
(160, 117)
(160, 118)
(160, 119)
(160, 120)
(160, 121)
(160, 122)
(160, 123)
(160, 124)
(160, 125)
(160, 126)
(160, 127)
(160, 128)
(160, 129)
(160, 130)
(160, 131)
(160, 133)
(160, 134)
(160, 167)
(160, 169)
(160, 171)
(160, 172)
(160, 177)
(160, 178)
(160, 180)
(160, 181)
(160, 182)
(160, 183)
(160, 184)
(160, 185)
(160, 186)
(160, 187)
(160, 188)
(160, 189)
(160, 190)
(160, 191)
(160, 192)
(160, 193)
(160, 194)
(160, 195)
(160, 196)
(160, 197)
(160, 345)
(161, 113)
(161, 114)
(161, 115)
(161, 116)
(161, 117)
(161, 118)
(161, 119)
(161, 120)
(161, 121)
(161, 122)
(161, 123)
(161, 124)
(161, 125)
(161, 127)
(161, 128)
(161, 129)
(161, 133)
(161, 134)
(161, 135)
(161, 163)
(161, 169)
(161, 179)
(161, 180)
(161, 181)
(161, 182)
(161, 183)
(161, 184)
(161, 185)
(161, 186)
(161, 187)
(161, 188)
(161, 189)
(161, 190)
(161, 191)
(161, 192)
(161, 193)
(161, 194)
(161, 195)
(161, 196)
(161, 197)
(161, 198)
(162, 113)
(162, 114)
(162, 115)
(162, 116)
(162, 117)
(162, 118)
(162, 119)
(162, 120)
(162, 121)
(162, 122)
(162, 123)
(162, 124)
(162, 125)
(162, 126)
(162, 127)
(162, 128)
(162, 130)
(162, 131)
(162, 167)
(162, 168)
(162, 172)
(162, 173)
(162, 174)
(162, 177)
(162, 178)
(162, 180)
(162, 181)
(162, 182)
(162, 184)
(162, 185)
(162, 186)
(162, 187)
(162, 188)
(162, 189)
(162, 190)
(162, 191)
(162, 192)
(162, 193)
(162, 194)
(162, 195)
(162, 196)
(162, 197)
(162, 198)
(162, 199)
(163, 113)
(163, 114)
(163, 115)
(163, 116)
(163, 117)
(163, 118)
(163, 119)
(163, 120)
(163, 122)
(163, 123)
(163, 124)
(163, 125)
(163, 129)
(163, 174)
(163, 176)
(163, 177)
(163, 178)
(163, 180)
(163, 181)
(163, 182)
(163, 183)
(163, 184)
(163, 185)
(163, 186)
(163, 187)
(163, 188)
(163, 189)
(163, 190)
(163, 191)
(163, 192)
(163, 193)
(163, 194)
(163, 195)
(163, 196)
(163, 197)
(163, 198)
(163, 199)
(164, 112)
(164, 113)
(164, 114)
(164, 115)
(164, 116)
(164, 117)
(164, 118)
(164, 119)
(164, 120)
(164, 121)
(164, 122)
(164, 123)
(164, 125)
(164, 127)
(164, 177)
(164, 178)
(164, 180)
(164, 182)
(164, 183)
(164, 184)
(164, 185)
(164, 186)
(164, 187)
(164, 188)
(164, 189)
(164, 190)
(164, 191)
(164, 192)
(164, 193)
(164, 194)
(164, 195)
(164, 196)
(164, 197)
(164, 198)
(164, 199)
(164, 200)
(165, 111)
(165, 112)
(165, 113)
(165, 114)
(165, 115)
(165, 116)
(165, 117)
(165, 118)
(165, 119)
(165, 120)
(165, 121)
(165, 122)
(165, 123)
(165, 124)
(165, 181)
(165, 182)
(165, 183)
(165, 184)
(165, 185)
(165, 186)
(165, 187)
(165, 188)
(165, 189)
(165, 190)
(165, 191)
(165, 192)
(165, 193)
(165, 194)
(165, 195)
(165, 196)
(165, 197)
(165, 198)
(165, 199)
(165, 200)
(166, 111)
(166, 112)
(166, 113)
(166, 114)
(166, 115)
(166, 116)
(166, 117)
(166, 118)
(166, 119)
(166, 120)
(166, 121)
(166, 122)
(166, 123)
(166, 167)
(166, 183)
(166, 184)
(166, 185)
(166, 186)
(166, 187)
(166, 188)
(166, 189)
(166, 190)
(166, 191)
(166, 192)
(166, 193)
(166, 194)
(166, 195)
(166, 196)
(166, 197)
(166, 198)
(166, 199)
(166, 200)
(167, 111)
(167, 112)
(167, 113)
(167, 114)
(167, 116)
(167, 117)
(167, 118)
(167, 119)
(167, 120)
(167, 121)
(167, 122)
(167, 125)
(167, 186)
(167, 188)
(167, 189)
(167, 190)
(167, 191)
(167, 192)
(167, 193)
(167, 194)
(167, 195)
(167, 196)
(167, 197)
(167, 198)
(167, 199)
(167, 200)
(167, 201)
(168, 110)
(168, 111)
(168, 112)
(168, 113)
(168, 114)
(168, 115)
(168, 116)
(168, 117)
(168, 118)
(168, 119)
(168, 120)
(168, 175)
(168, 176)
(168, 186)
(168, 187)
(168, 188)
(168, 189)
(168, 190)
(168, 191)
(168, 192)
(168, 193)
(168, 194)
(168, 195)
(168, 196)
(168, 197)
(168, 198)
(168, 199)
(168, 200)
(168, 201)
(169, 110)
(169, 112)
(169, 113)
(169, 114)
(169, 115)
(169, 116)
(169, 117)
(169, 118)
(169, 119)
(169, 120)
(169, 179)
(169, 189)
(169, 190)
(169, 191)
(169, 192)
(169, 193)
(169, 194)
(169, 195)
(169, 196)
(169, 197)
(169, 198)
(169, 199)
(169, 200)
(169, 201)
(170, 110)
(170, 111)
(170, 112)
(170, 113)
(170, 114)
(170, 115)
(170, 116)
(170, 117)
(170, 118)
(170, 119)
(170, 120)
(170, 187)
(170, 188)
(170, 190)
(170, 191)
(170, 192)
(170, 193)
(170, 194)
(170, 195)
(170, 196)
(170, 197)
(170, 198)
(170, 199)
(170, 200)
(170, 201)
(171, 110)
(171, 112)
(171, 113)
(171, 114)
(171, 115)
(171, 116)
(171, 117)
(171, 119)
(171, 189)
(171, 192)
(171, 193)
(171, 194)
(171, 195)
(171, 196)
(171, 197)
(171, 198)
(171, 199)
(171, 200)
(171, 201)
(171, 202)
(172, 109)
(172, 110)
(172, 111)
(172, 112)
(172, 113)
(172, 114)
(172, 115)
(172, 116)
(172, 118)
(172, 190)
(172, 191)
(172, 192)
(172, 193)
(172, 194)
(172, 195)
(172, 196)
(172, 197)
(172, 199)
(172, 200)
(172, 202)
(173, 110)
(173, 111)
(173, 112)
(173, 113)
(173, 114)
(173, 115)
(173, 189)
(173, 192)
(173, 193)
(173, 194)
(173, 195)
(173, 196)
(173, 197)
(173, 198)
(173, 199)
(173, 200)
(173, 201)
(173, 202)
(174, 109)
(174, 110)
(174, 111)
(174, 112)
(174, 113)
(174, 114)
(174, 115)
(174, 190)
(174, 192)
(174, 193)
(174, 194)
(174, 195)
(174, 196)
(174, 197)
(174, 198)
(174, 199)
(174, 200)
(174, 201)
(174, 202)
(175, 109)
(175, 110)
(175, 111)
(175, 112)
(175, 113)
(175, 189)
(175, 194)
(175, 196)
(175, 197)
(175, 198)
(175, 199)
(175, 200)
(175, 201)
(175, 202)
(176, 109)
(176, 110)
(176, 111)
(176, 112)
(176, 113)
(176, 193)
(176, 194)
(176, 195)
(176, 196)
(176, 197)
(176, 198)
(176, 199)
(176, 200)
(176, 201)
(176, 202)
(177, 109)
(177, 110)
(177, 111)
(177, 112)
(177, 113)
(177, 195)
(177, 196)
(177, 197)
(177, 198)
(177, 199)
(177, 200)
(177, 201)
(177, 202)
(178, 108)
(178, 109)
(178, 110)
(178, 111)
(178, 112)
(178, 113)
(178, 115)
(178, 189)
(178, 193)
(178, 195)
(178, 196)
(178, 197)
(178, 198)
(178, 199)
(178, 200)
(178, 201)
(178, 202)
(179, 108)
(179, 109)
(179, 110)
(179, 111)
(179, 112)
(179, 113)
(179, 114)
(179, 196)
(179, 197)
(179, 199)
(179, 200)
(179, 201)
(179, 202)
(180, 108)
(180, 109)
(180, 110)
(180, 111)
(180, 112)
(180, 114)
(180, 115)
(180, 192)
(180, 195)
(180, 196)
(180, 197)
(180, 198)
(180, 199)
(180, 200)
(180, 201)
(181, 109)
(181, 110)
(181, 111)
(181, 112)
(181, 196)
(181, 197)
(181, 198)
(181, 199)
(181, 200)
(181, 201)
(181, 202)
(182, 92)
(182, 108)
(182, 109)
(182, 110)
(182, 111)
(182, 112)
(182, 197)
(182, 199)
(182, 200)
(182, 201)
(182, 202)
(183, 109)
(183, 110)
(183, 197)
(183, 198)
(183, 199)
(183, 200)
(183, 201)
(183, 202)
(184, 108)
(184, 109)
(184, 110)
(184, 111)
(184, 193)
(184, 199)
(184, 200)
(184, 201)
(184, 202)
(184, 203)
(185, 108)
(185, 109)
(185, 110)
(185, 111)
(185, 197)
(185, 198)
(185, 200)
(185, 201)
(185, 202)
(186, 108)
(186, 109)
(186, 110)
(186, 111)
(186, 198)
(186, 199)
(186, 200)
(186, 201)
(186, 202)
(186, 294)
(187, 108)
(187, 109)
(187, 110)
(187, 114)
(187, 154)
(187, 199)
(187, 200)
(187, 201)
(187, 202)
(188, 108)
(188, 109)
(188, 114)
(188, 199)
(188, 200)
(188, 201)
(188, 202)
(189, 108)
(189, 109)
(189, 197)
(189, 201)
(189, 202)
(190, 107)
(190, 108)
(190, 109)
(190, 198)
(190, 200)
(190, 201)
(190, 202)
(191, 107)
(191, 108)
(191, 109)
(191, 201)
(191, 202)
(192, 107)
(192, 108)
(192, 199)
(192, 200)
(192, 201)
(192, 202)
(193, 107)
(193, 108)
(193, 201)
(193, 202)
(194, 107)
(194, 108)
(194, 202)
(195, 107)
(195, 108)
(195, 109)
(195, 113)
(195, 201)
(195, 202)
(196, 107)
(196, 108)
(196, 109)
(196, 110)
(196, 201)
(196, 202)
(196, 345)
(197, 107)
(197, 108)
(197, 201)
(197, 202)
(198, 107)
(198, 108)
(198, 109)
(198, 201)
(198, 202)
(199, 109)
(199, 201)
(199, 202)
(200, 107)
(200, 108)
(200, 109)
(200, 200)
(200, 201)
(200, 202)
(201, 107)
(201, 108)
(201, 201)
(202, 107)
(202, 108)
(202, 199)
(202, 200)
(202, 201)
(203, 108)
(203, 200)
(203, 201)
(204, 108)
(204, 109)
(204, 200)
(204, 201)
(205, 108)
(205, 200)
(205, 201)
(206, 108)
(206, 109)
(206, 199)
(206, 200)
(206, 201)
(206, 308)
(207, 109)
(207, 199)
(207, 200)
(208, 109)
(208, 199)
(208, 200)
(208, 337)
(208, 340)
(208, 341)
(208, 342)
(208, 343)
(208, 344)
(208, 345)
(209, 109)
(209, 199)
(209, 333)
(209, 334)
(209, 336)
(209, 337)
(209, 338)
(209, 339)
(209, 340)
(209, 341)
(209, 342)
(209, 343)
(209, 344)
(209, 345)
(210, 109)
(210, 199)
(210, 326)
(210, 327)
(210, 329)
(210, 330)
(210, 331)
(210, 332)
(210, 333)
(210, 334)
(210, 335)
(210, 336)
(210, 337)
(210, 338)
(210, 339)
(210, 340)
(210, 341)
(210, 342)
(210, 343)
(210, 344)
(210, 345)
(211, 110)
(211, 199)
(211, 323)
(211, 325)
(211, 326)
(211, 327)
(211, 328)
(211, 329)
(211, 330)
(211, 331)
(211, 332)
(211, 333)
(211, 334)
(211, 335)
(211, 336)
(211, 337)
(211, 338)
(211, 339)
(211, 340)
(211, 341)
(211, 342)
(211, 343)
(211, 344)
(211, 345)
(212, 40)
(212, 110)
(212, 199)
(212, 200)
(212, 317)
(212, 319)
(212, 320)
(212, 321)
(212, 322)
(212, 323)
(212, 324)
(212, 325)
(212, 326)
(212, 327)
(212, 328)
(212, 329)
(212, 330)
(212, 331)
(212, 332)
(212, 333)
(212, 334)
(212, 335)
(212, 336)
(212, 337)
(212, 338)
(212, 339)
(212, 340)
(212, 341)
(212, 342)
(212, 343)
(212, 344)
(212, 345)
(213, 111)
(213, 199)
(213, 316)
(213, 317)
(213, 318)
(213, 319)
(213, 320)
(213, 321)
(213, 322)
(213, 323)
(213, 324)
(213, 325)
(213, 326)
(213, 327)
(213, 328)
(213, 329)
(213, 330)
(213, 331)
(213, 332)
(213, 333)
(213, 334)
(213, 335)
(213, 336)
(213, 337)
(213, 338)
(213, 339)
(213, 340)
(213, 341)
(213, 342)
(213, 343)
(213, 344)
(213, 345)
(214, 313)
(214, 314)
(214, 315)
(214, 316)
(214, 317)
(214, 318)
(214, 319)
(214, 320)
(214, 321)
(214, 322)
(214, 323)
(214, 324)
(214, 325)
(214, 326)
(214, 327)
(214, 328)
(214, 329)
(214, 330)
(214, 331)
(214, 332)
(214, 333)
(214, 334)
(214, 335)
(214, 336)
(214, 337)
(214, 338)
(214, 339)
(214, 340)
(214, 341)
(214, 342)
(214, 343)
(214, 344)
(214, 345)
(215, 313)
(215, 314)
(215, 315)
(215, 316)
(215, 317)
(215, 318)
(215, 319)
(215, 320)
(215, 321)
(215, 322)
(215, 323)
(215, 324)
(215, 325)
(215, 326)
(215, 327)
(215, 328)
(215, 329)
(215, 330)
(215, 331)
(215, 332)
(215, 333)
(215, 334)
(215, 335)
(215, 337)
(215, 338)
(215, 339)
(215, 340)
(215, 341)
(215, 342)
(215, 343)
(215, 344)
(215, 345)
(216, 112)
(216, 309)
(216, 310)
(216, 311)
(216, 312)
(216, 313)
(216, 314)
(216, 315)
(216, 316)
(216, 317)
(216, 318)
(216, 319)
(216, 320)
(216, 321)
(216, 322)
(216, 323)
(216, 324)
(216, 325)
(216, 326)
(216, 327)
(216, 328)
(216, 329)
(216, 330)
(216, 331)
(216, 332)
(216, 333)
(216, 334)
(216, 335)
(216, 336)
(216, 337)
(216, 338)
(216, 339)
(216, 340)
(216, 341)
(216, 342)
(216, 343)
(216, 344)
(216, 345)
(217, 307)
(217, 308)
(217, 309)
(217, 311)
(217, 312)
(217, 313)
(217, 314)
(217, 315)
(217, 316)
(217, 317)
(217, 318)
(217, 319)
(217, 320)
(217, 321)
(217, 322)
(217, 323)
(217, 324)
(217, 325)
(217, 326)
(217, 327)
(217, 328)
(217, 329)
(217, 330)
(217, 331)
(217, 332)
(217, 333)
(217, 334)
(217, 335)
(217, 336)
(217, 337)
(217, 338)
(217, 339)
(217, 340)
(217, 341)
(217, 342)
(217, 343)
(217, 344)
(217, 345)
(218, 305)
(218, 306)
(218, 307)
(218, 308)
(218, 309)
(218, 310)
(218, 311)
(218, 312)
(218, 313)
(218, 314)
(218, 315)
(218, 316)
(218, 317)
(218, 318)
(218, 319)
(218, 320)
(218, 321)
(218, 322)
(218, 323)
(218, 324)
(218, 325)
(218, 326)
(218, 327)
(218, 328)
(218, 329)
(218, 330)
(218, 331)
(218, 332)
(218, 333)
(218, 334)
(218, 335)
(218, 336)
(218, 337)
(218, 338)
(218, 339)
(218, 340)
(218, 341)
(218, 342)
(218, 343)
(218, 344)
(218, 345)
(219, 303)
(219, 304)
(219, 305)
(219, 306)
(219, 307)
(219, 308)
(219, 309)
(219, 310)
(219, 311)
(219, 312)
(219, 313)
(219, 314)
(219, 315)
(219, 316)
(219, 317)
(219, 318)
(219, 319)
(219, 320)
(219, 321)
(219, 322)
(219, 323)
(219, 324)
(219, 325)
(219, 326)
(219, 327)
(219, 328)
(219, 329)
(219, 330)
(219, 331)
(219, 332)
(219, 333)
(219, 334)
(219, 335)
(219, 336)
(219, 337)
(219, 338)
(219, 339)
(219, 340)
(219, 341)
(219, 342)
(219, 343)
(219, 344)
(219, 345)
(220, 297)
(220, 301)
(220, 302)
(220, 303)
(220, 304)
(220, 305)
(220, 306)
(220, 307)
(220, 308)
(220, 309)
(220, 310)
(220, 311)
(220, 312)
(220, 313)
(220, 314)
(220, 315)
(220, 316)
(220, 317)
(220, 318)
(220, 319)
(220, 320)
(220, 321)
(220, 322)
(220, 323)
(220, 324)
(220, 325)
(220, 326)
(220, 327)
(220, 328)
(220, 329)
(220, 330)
(220, 331)
(220, 332)
(220, 333)
(220, 334)
(220, 335)
(220, 336)
(220, 337)
(220, 338)
(220, 339)
(220, 340)
(220, 341)
(220, 342)
(220, 343)
(220, 344)
(220, 345)
(221, 298)
(221, 299)
(221, 300)
(221, 301)
(221, 302)
(221, 303)
(221, 304)
(221, 305)
(221, 306)
(221, 307)
(221, 308)
(221, 309)
(221, 310)
(221, 311)
(221, 312)
(221, 313)
(221, 314)
(221, 315)
(221, 316)
(221, 317)
(221, 318)
(221, 319)
(221, 320)
(221, 321)
(221, 322)
(221, 323)
(221, 324)
(221, 325)
(221, 326)
(221, 327)
(221, 328)
(221, 329)
(221, 330)
(221, 331)
(221, 332)
(221, 333)
(221, 334)
(221, 335)
(221, 336)
(221, 337)
(221, 338)
(221, 339)
(221, 340)
(221, 341)
(221, 342)
(221, 343)
(221, 344)
(221, 345)
(222, 296)
(222, 297)
(222, 298)
(222, 299)
(222, 300)
(222, 301)
(222, 303)
(222, 304)
(222, 305)
(222, 306)
(222, 307)
(222, 308)
(222, 309)
(222, 310)
(222, 311)
(222, 312)
(222, 313)
(222, 314)
(222, 315)
(222, 316)
(222, 317)
(222, 318)
(222, 319)
(222, 320)
(222, 321)
(222, 322)
(222, 323)
(222, 324)
(222, 325)
(222, 326)
(222, 327)
(222, 328)
(222, 329)
(222, 330)
(222, 331)
(222, 332)
(222, 333)
(222, 334)
(222, 335)
(222, 336)
(222, 337)
(222, 338)
(222, 339)
(222, 340)
(222, 341)
(222, 342)
(222, 343)
(222, 344)
(222, 345)
(223, 115)
(223, 294)
(223, 295)
(223, 296)
(223, 297)
(223, 298)
(223, 299)
(223, 300)
(223, 301)
(223, 302)
(223, 303)
(223, 304)
(223, 305)
(223, 306)
(223, 307)
(223, 308)
(223, 309)
(223, 310)
(223, 311)
(223, 312)
(223, 313)
(223, 314)
(223, 315)
(223, 316)
(223, 317)
(223, 318)
(223, 319)
(223, 320)
(223, 321)
(223, 322)
(223, 323)
(223, 324)
(223, 325)
(223, 326)
(223, 327)
(223, 328)
(223, 329)
(223, 330)
(223, 331)
(223, 332)
(223, 333)
(223, 334)
(223, 335)
(223, 336)
(223, 337)
(223, 338)
(223, 339)
(223, 340)
(223, 341)
(223, 342)
(223, 343)
(223, 344)
(223, 345)
(224, 115)
(224, 291)
(224, 292)
(224, 293)
(224, 294)
(224, 295)
(224, 296)
(224, 297)
(224, 298)
(224, 299)
(224, 300)
(224, 301)
(224, 302)
(224, 303)
(224, 304)
(224, 305)
(224, 306)
(224, 307)
(224, 308)
(224, 309)
(224, 310)
(224, 311)
(224, 312)
(224, 313)
(224, 314)
(224, 315)
(224, 316)
(224, 317)
(224, 318)
(224, 319)
(224, 320)
(224, 321)
(224, 322)
(224, 323)
(224, 324)
(224, 325)
(224, 326)
(224, 327)
(224, 328)
(224, 329)
(224, 330)
(224, 331)
(224, 332)
(224, 333)
(224, 334)
(224, 335)
(224, 336)
(224, 337)
(224, 338)
(224, 339)
(224, 340)
(224, 341)
(224, 342)
(224, 343)
(224, 344)
(224, 345)
(225, 111)
(225, 113)
(225, 114)
(225, 115)
(225, 116)
(225, 194)
(225, 195)
(225, 196)
(225, 197)
(225, 198)
(225, 199)
(225, 200)
(225, 201)
(225, 202)
(225, 203)
(225, 204)
(225, 205)
(225, 206)
(225, 207)
(225, 208)
(225, 209)
(225, 287)
(225, 289)
(225, 291)
(225, 292)
(225, 293)
(225, 294)
(225, 295)
(225, 296)
(225, 297)
(225, 298)
(225, 299)
(225, 300)
(225, 301)
(225, 302)
(225, 303)
(225, 304)
(225, 305)
(225, 306)
(225, 307)
(225, 308)
(225, 309)
(225, 310)
(225, 311)
(225, 312)
(225, 313)
(225, 314)
(225, 315)
(225, 316)
(225, 317)
(225, 318)
(225, 319)
(225, 320)
(225, 321)
(225, 322)
(225, 323)
(225, 324)
(225, 325)
(225, 326)
(225, 327)
(225, 328)
(225, 329)
(225, 330)
(225, 331)
(225, 332)
(225, 333)
(225, 334)
(225, 335)
(225, 336)
(225, 337)
(225, 338)
(225, 339)
(225, 340)
(225, 341)
(225, 342)
(225, 343)
(225, 344)
(225, 345)
(226, 109)
(226, 110)
(226, 111)
(226, 112)
(226, 113)
(226, 114)
(226, 115)
(226, 116)
(226, 193)
(226, 194)
(226, 195)
(226, 196)
(226, 197)
(226, 198)
(226, 199)
(226, 200)
(226, 201)
(226, 202)
(226, 203)
(226, 204)
(226, 205)
(226, 206)
(226, 207)
(226, 208)
(226, 209)
(226, 210)
(226, 211)
(226, 285)
(226, 286)
(226, 287)
(226, 288)
(226, 289)
(226, 290)
(226, 291)
(226, 292)
(226, 293)
(226, 294)
(226, 295)
(226, 296)
(226, 297)
(226, 298)
(226, 299)
(226, 300)
(226, 301)
(226, 302)
(226, 303)
(226, 304)
(226, 305)
(226, 306)
(226, 307)
(226, 308)
(226, 309)
(226, 310)
(226, 311)
(226, 312)
(226, 313)
(226, 314)
(226, 315)
(226, 316)
(226, 317)
(226, 318)
(226, 319)
(226, 320)
(226, 321)
(226, 322)
(226, 323)
(226, 324)
(226, 325)
(226, 326)
(226, 327)
(226, 328)
(226, 329)
(226, 330)
(226, 331)
(226, 332)
(226, 333)
(226, 334)
(226, 335)
(226, 336)
(226, 337)
(226, 338)
(226, 339)
(226, 340)
(226, 341)
(226, 342)
(226, 343)
(226, 344)
(226, 345)
(227, 109)
(227, 110)
(227, 111)
(227, 112)
(227, 113)
(227, 114)
(227, 115)
(227, 116)
(227, 117)
(227, 193)
(227, 194)
(227, 195)
(227, 196)
(227, 197)
(227, 198)
(227, 199)
(227, 200)
(227, 201)
(227, 202)
(227, 203)
(227, 204)
(227, 205)
(227, 206)
(227, 207)
(227, 208)
(227, 209)
(227, 210)
(227, 211)
(227, 285)
(227, 286)
(227, 287)
(227, 288)
(227, 289)
(227, 290)
(227, 291)
(227, 292)
(227, 293)
(227, 294)
(227, 295)
(227, 296)
(227, 297)
(227, 298)
(227, 299)
(227, 300)
(227, 301)
(227, 302)
(227, 303)
(227, 304)
(227, 305)
(227, 306)
(227, 307)
(227, 308)
(227, 309)
(227, 310)
(227, 311)
(227, 312)
(227, 313)
(227, 314)
(227, 315)
(227, 316)
(227, 317)
(227, 318)
(227, 319)
(227, 320)
(227, 321)
(227, 322)
(227, 323)
(227, 324)
(227, 325)
(227, 326)
(227, 327)
(227, 328)
(227, 329)
(227, 330)
(227, 331)
(227, 332)
(227, 333)
(227, 334)
(227, 335)
(227, 336)
(227, 337)
(227, 338)
(227, 339)
(227, 340)
(227, 341)
(227, 342)
(227, 343)
(227, 344)
(227, 345)
(228, 109)
(228, 110)
(228, 111)
(228, 112)
(228, 113)
(228, 114)
(228, 115)
(228, 116)
(228, 117)
(228, 118)
(228, 191)
(228, 192)
(228, 193)
(228, 194)
(228, 195)
(228, 196)
(228, 197)
(228, 198)
(228, 199)
(228, 200)
(228, 201)
(228, 202)
(228, 203)
(228, 204)
(228, 205)
(228, 206)
(228, 207)
(228, 208)
(228, 209)
(228, 210)
(228, 211)
(228, 283)
(228, 284)
(228, 285)
(228, 286)
(228, 287)
(228, 288)
(228, 289)
(228, 290)
(228, 291)
(228, 292)
(228, 293)
(228, 294)
(228, 295)
(228, 296)
(228, 297)
(228, 298)
(228, 299)
(228, 300)
(228, 301)
(228, 302)
(228, 303)
(228, 304)
(228, 305)
(228, 306)
(228, 307)
(228, 308)
(228, 309)
(228, 310)
(228, 311)
(228, 312)
(228, 313)
(228, 314)
(228, 315)
(228, 316)
(228, 317)
(228, 318)
(228, 319)
(228, 320)
(228, 321)
(228, 322)
(228, 323)
(228, 324)
(228, 325)
(228, 326)
(228, 327)
(228, 328)
(228, 329)
(228, 330)
(228, 331)
(228, 332)
(228, 333)
(228, 334)
(228, 335)
(228, 336)
(228, 337)
(228, 338)
(228, 339)
(228, 340)
(228, 341)
(228, 342)
(228, 343)
(228, 344)
(228, 345)
(229, 109)
(229, 110)
(229, 111)
(229, 112)
(229, 113)
(229, 114)
(229, 115)
(229, 116)
(229, 117)
(229, 118)
(229, 191)
(229, 192)
(229, 193)
(229, 194)
(229, 195)
(229, 196)
(229, 197)
(229, 198)
(229, 199)
(229, 200)
(229, 201)
(229, 202)
(229, 203)
(229, 204)
(229, 205)
(229, 206)
(229, 207)
(229, 208)
(229, 209)
(229, 210)
(229, 211)
(229, 281)
(229, 283)
(229, 284)
(229, 285)
(229, 286)
(229, 287)
(229, 288)
(229, 289)
(229, 290)
(229, 291)
(229, 292)
(229, 293)
(229, 294)
(229, 295)
(229, 296)
(229, 297)
(229, 298)
(229, 299)
(229, 300)
(229, 301)
(229, 302)
(229, 303)
(229, 304)
(229, 305)
(229, 306)
(229, 307)
(229, 308)
(229, 309)
(229, 310)
(229, 311)
(229, 312)
(229, 313)
(229, 314)
(229, 315)
(229, 316)
(229, 317)
(229, 318)
(229, 319)
(229, 320)
(229, 321)
(229, 322)
(229, 323)
(229, 324)
(229, 325)
(229, 326)
(229, 327)
(229, 328)
(229, 329)
(229, 330)
(229, 331)
(229, 332)
(229, 333)
(229, 334)
(229, 335)
(229, 336)
(229, 337)
(229, 338)
(229, 339)
(229, 340)
(229, 341)
(229, 342)
(229, 343)
(229, 344)
(229, 345)
(230, 108)
(230, 109)
(230, 110)
(230, 111)
(230, 112)
(230, 113)
(230, 114)
(230, 115)
(230, 116)
(230, 117)
(230, 118)
(230, 119)
(230, 190)
(230, 191)
(230, 192)
(230, 193)
(230, 194)
(230, 195)
(230, 196)
(230, 197)
(230, 198)
(230, 199)
(230, 200)
(230, 201)
(230, 202)
(230, 203)
(230, 204)
(230, 205)
(230, 206)
(230, 207)
(230, 208)
(230, 209)
(230, 210)
(230, 211)
(230, 279)
(230, 280)
(230, 281)
(230, 282)
(230, 283)
(230, 284)
(230, 285)
(230, 286)
(230, 287)
(230, 288)
(230, 289)
(230, 290)
(230, 291)
(230, 292)
(230, 293)
(230, 294)
(230, 295)
(230, 296)
(230, 297)
(230, 298)
(230, 299)
(230, 300)
(230, 301)
(230, 302)
(230, 303)
(230, 304)
(230, 305)
(230, 306)
(230, 307)
(230, 308)
(230, 309)
(230, 310)
(230, 311)
(230, 312)
(230, 313)
(230, 314)
(230, 315)
(230, 316)
(230, 317)
(230, 318)
(230, 319)
(230, 320)
(230, 321)
(230, 322)
(230, 323)
(230, 324)
(230, 325)
(230, 326)
(230, 327)
(230, 328)
(230, 329)
(230, 330)
(230, 331)
(230, 332)
(230, 333)
(230, 334)
(230, 335)
(230, 336)
(230, 337)
(230, 338)
(230, 339)
(230, 340)
(230, 341)
(230, 342)
(230, 343)
(230, 344)
(230, 345)
(231, 109)
(231, 110)
(231, 111)
(231, 112)
(231, 113)
(231, 114)
(231, 115)
(231, 116)
(231, 117)
(231, 118)
(231, 119)
(231, 120)
(231, 121)
(231, 189)
(231, 190)
(231, 191)
(231, 192)
(231, 193)
(231, 194)
(231, 195)
(231, 196)
(231, 197)
(231, 198)
(231, 199)
(231, 200)
(231, 201)
(231, 202)
(231, 203)
(231, 204)
(231, 205)
(231, 206)
(231, 207)
(231, 208)
(231, 209)
(231, 210)
(231, 211)
(231, 277)
(231, 278)
(231, 279)
(231, 280)
(231, 281)
(231, 282)
(231, 283)
(231, 284)
(231, 285)
(231, 287)
(231, 288)
(231, 289)
(231, 290)
(231, 291)
(231, 292)
(231, 293)
(231, 294)
(231, 295)
(231, 296)
(231, 297)
(231, 298)
(231, 299)
(231, 300)
(231, 301)
(231, 302)
(231, 303)
(231, 304)
(231, 305)
(231, 306)
(231, 307)
(231, 308)
(231, 309)
(231, 310)
(231, 311)
(231, 312)
(231, 313)
(231, 314)
(231, 315)
(231, 316)
(231, 317)
(231, 318)
(231, 319)
(231, 320)
(231, 321)
(231, 322)
(231, 323)
(231, 324)
(231, 325)
(231, 326)
(231, 327)
(231, 328)
(231, 329)
(231, 330)
(231, 331)
(231, 332)
(231, 333)
(231, 334)
(231, 335)
(231, 336)
(231, 337)
(231, 338)
(231, 339)
(231, 340)
(231, 341)
(231, 342)
(231, 343)
(231, 344)
(231, 345)
(232, 108)
(232, 109)
(232, 110)
(232, 111)
(232, 112)
(232, 113)
(232, 114)
(232, 115)
(232, 116)
(232, 117)
(232, 118)
(232, 119)
(232, 120)
(232, 121)
(232, 122)
(232, 187)
(232, 188)
(232, 189)
(232, 190)
(232, 191)
(232, 192)
(232, 193)
(232, 194)
(232, 195)
(232, 196)
(232, 197)
(232, 198)
(232, 199)
(232, 200)
(232, 201)
(232, 202)
(232, 203)
(232, 204)
(232, 205)
(232, 206)
(232, 207)
(232, 208)
(232, 209)
(232, 210)
(232, 211)
(232, 275)
(232, 276)
(232, 277)
(232, 278)
(232, 279)
(232, 280)
(232, 281)
(232, 282)
(232, 283)
(232, 284)
(232, 285)
(232, 286)
(232, 287)
(232, 288)
(232, 289)
(232, 290)
(232, 291)
(232, 292)
(232, 293)
(232, 294)
(232, 295)
(232, 296)
(232, 297)
(232, 298)
(232, 299)
(232, 300)
(232, 301)
(232, 302)
(232, 303)
(232, 304)
(232, 305)
(232, 306)
(232, 307)
(232, 308)
(232, 309)
(232, 310)
(232, 311)
(232, 312)
(232, 313)
(232, 314)
(232, 315)
(232, 316)
(232, 317)
(232, 318)
(232, 319)
(232, 320)
(232, 321)
(232, 322)
(232, 323)
(232, 324)
(232, 325)
(232, 326)
(232, 327)
(232, 328)
(232, 329)
(232, 330)
(232, 331)
(232, 332)
(232, 333)
(232, 334)
(232, 335)
(232, 336)
(232, 337)
(232, 338)
(232, 339)
(232, 340)
(232, 341)
(232, 342)
(232, 343)
(232, 344)
(232, 345)
(233, 108)
(233, 109)
(233, 110)
(233, 111)
(233, 112)
(233, 113)
(233, 114)
(233, 115)
(233, 116)
(233, 117)
(233, 118)
(233, 119)
(233, 120)
(233, 121)
(233, 122)
(233, 123)
(233, 186)
(233, 187)
(233, 188)
(233, 189)
(233, 190)
(233, 191)
(233, 192)
(233, 193)
(233, 194)
(233, 195)
(233, 196)
(233, 197)
(233, 198)
(233, 199)
(233, 200)
(233, 201)
(233, 202)
(233, 203)
(233, 204)
(233, 205)
(233, 206)
(233, 207)
(233, 208)
(233, 209)
(233, 210)
(233, 211)
(233, 273)
(233, 274)
(233, 275)
(233, 276)
(233, 277)
(233, 278)
(233, 279)
(233, 280)
(233, 281)
(233, 282)
(233, 283)
(233, 284)
(233, 285)
(233, 286)
(233, 287)
(233, 288)
(233, 289)
(233, 290)
(233, 291)
(233, 292)
(233, 293)
(233, 294)
(233, 295)
(233, 296)
(233, 297)
(233, 298)
(233, 299)
(233, 300)
(233, 301)
(233, 302)
(233, 303)
(233, 304)
(233, 305)
(233, 306)
(233, 307)
(233, 308)
(233, 309)
(233, 310)
(233, 311)
(233, 312)
(233, 313)
(233, 314)
(233, 315)
(233, 316)
(233, 317)
(233, 318)
(233, 319)
(233, 320)
(233, 321)
(233, 322)
(233, 323)
(233, 324)
(233, 325)
(233, 326)
(233, 327)
(233, 328)
(233, 329)
(233, 330)
(233, 331)
(233, 332)
(233, 333)
(233, 334)
(233, 335)
(233, 336)
(233, 337)
(233, 338)
(233, 339)
(233, 340)
(233, 341)
(233, 342)
(233, 343)
(233, 344)
(233, 345)
(234, 108)
(234, 109)
(234, 110)
(234, 111)
(234, 112)
(234, 113)
(234, 114)
(234, 115)
(234, 116)
(234, 117)
(234, 118)
(234, 119)
(234, 120)
(234, 121)
(234, 122)
(234, 123)
(234, 124)
(234, 185)
(234, 186)
(234, 187)
(234, 188)
(234, 189)
(234, 190)
(234, 191)
(234, 192)
(234, 193)
(234, 194)
(234, 195)
(234, 196)
(234, 197)
(234, 198)
(234, 199)
(234, 200)
(234, 201)
(234, 202)
(234, 203)
(234, 204)
(234, 205)
(234, 206)
(234, 207)
(234, 208)
(234, 209)
(234, 210)
(234, 211)
(234, 270)
(234, 271)
(234, 272)
(234, 273)
(234, 274)
(234, 275)
(234, 276)
(234, 277)
(234, 278)
(234, 279)
(234, 280)
(234, 281)
(234, 282)
(234, 283)
(234, 284)
(234, 285)
(234, 286)
(234, 287)
(234, 288)
(234, 289)
(234, 290)
(234, 291)
(234, 292)
(234, 293)
(234, 294)
(234, 295)
(234, 296)
(234, 297)
(234, 298)
(234, 299)
(234, 300)
(234, 301)
(234, 302)
(234, 303)
(234, 304)
(234, 305)
(234, 306)
(234, 307)
(234, 308)
(234, 309)
(234, 310)
(234, 311)
(234, 312)
(234, 313)
(234, 314)
(234, 315)
(234, 316)
(234, 317)
(234, 318)
(234, 319)
(234, 320)
(234, 321)
(234, 322)
(234, 323)
(234, 324)
(234, 325)
(234, 326)
(234, 327)
(234, 328)
(234, 329)
(234, 330)
(234, 331)
(234, 332)
(234, 333)
(234, 334)
(234, 335)
(234, 336)
(234, 337)
(234, 338)
(234, 339)
(234, 340)
(234, 341)
(234, 342)
(234, 343)
(234, 344)
(234, 345)
(235, 108)
(235, 109)
(235, 110)
(235, 111)
(235, 112)
(235, 113)
(235, 114)
(235, 115)
(235, 116)
(235, 117)
(235, 118)
(235, 119)
(235, 120)
(235, 121)
(235, 122)
(235, 123)
(235, 124)
(235, 125)
(235, 184)
(235, 185)
(235, 186)
(235, 187)
(235, 188)
(235, 189)
(235, 190)
(235, 191)
(235, 192)
(235, 193)
(235, 194)
(235, 195)
(235, 196)
(235, 197)
(235, 198)
(235, 199)
(235, 200)
(235, 201)
(235, 202)
(235, 203)
(235, 204)
(235, 205)
(235, 206)
(235, 207)
(235, 208)
(235, 209)
(235, 210)
(235, 211)
(235, 269)
(235, 270)
(235, 271)
(235, 272)
(235, 273)
(235, 274)
(235, 275)
(235, 276)
(235, 277)
(235, 278)
(235, 279)
(235, 280)
(235, 281)
(235, 282)
(235, 283)
(235, 284)
(235, 285)
(235, 286)
(235, 287)
(235, 288)
(235, 289)
(235, 290)
(235, 291)
(235, 292)
(235, 293)
(235, 294)
(235, 295)
(235, 296)
(235, 297)
(235, 298)
(235, 299)
(235, 300)
(235, 301)
(235, 302)
(235, 303)
(235, 304)
(235, 305)
(235, 306)
(235, 307)
(235, 308)
(235, 309)
(235, 310)
(235, 311)
(235, 312)
(235, 313)
(235, 314)
(235, 315)
(235, 316)
(235, 317)
(235, 318)
(235, 319)
(235, 320)
(235, 321)
(235, 322)
(235, 323)
(235, 324)
(235, 325)
(235, 326)
(235, 327)
(235, 328)
(235, 329)
(235, 330)
(235, 331)
(235, 332)
(235, 333)
(235, 334)
(235, 335)
(235, 336)
(235, 337)
(235, 338)
(235, 339)
(235, 340)
(235, 341)
(235, 342)
(235, 343)
(235, 344)
(235, 345)
(236, 108)
(236, 109)
(236, 110)
(236, 111)
(236, 112)
(236, 113)
(236, 114)
(236, 115)
(236, 116)
(236, 117)
(236, 118)
(236, 119)
(236, 120)
(236, 121)
(236, 122)
(236, 123)
(236, 124)
(236, 125)
(236, 126)
(236, 183)
(236, 184)
(236, 185)
(236, 186)
(236, 187)
(236, 188)
(236, 189)
(236, 190)
(236, 191)
(236, 192)
(236, 193)
(236, 194)
(236, 195)
(236, 196)
(236, 197)
(236, 198)
(236, 199)
(236, 200)
(236, 201)
(236, 202)
(236, 203)
(236, 204)
(236, 205)
(236, 206)
(236, 207)
(236, 208)
(236, 209)
(236, 210)
(236, 211)
(236, 268)
(236, 269)
(236, 270)
(236, 271)
(236, 272)
(236, 273)
(236, 274)
(236, 275)
(236, 276)
(236, 277)
(236, 278)
(236, 279)
(236, 280)
(236, 281)
(236, 282)
(236, 283)
(236, 284)
(236, 285)
(236, 286)
(236, 287)
(236, 288)
(236, 289)
(236, 290)
(236, 291)
(236, 292)
(236, 293)
(236, 294)
(236, 295)
(236, 296)
(236, 297)
(236, 298)
(236, 299)
(236, 300)
(236, 301)
(236, 302)
(236, 303)
(236, 304)
(236, 305)
(236, 306)
(236, 307)
(236, 308)
(236, 309)
(236, 310)
(236, 311)
(236, 312)
(236, 313)
(236, 314)
(236, 315)
(236, 316)
(236, 317)
(236, 318)
(236, 319)
(236, 320)
(236, 321)
(236, 322)
(236, 323)
(236, 324)
(236, 325)
(236, 326)
(236, 327)
(236, 328)
(236, 329)
(236, 330)
(236, 331)
(236, 332)
(236, 333)
(236, 334)
(236, 335)
(236, 336)
(236, 337)
(236, 338)
(236, 339)
(236, 340)
(236, 341)
(236, 342)
(236, 343)
(236, 344)
(236, 345)
(237, 109)
(237, 110)
(237, 111)
(237, 112)
(237, 113)
(237, 114)
(237, 115)
(237, 116)
(237, 117)
(237, 118)
(237, 119)
(237, 120)
(237, 121)
(237, 122)
(237, 123)
(237, 124)
(237, 125)
(237, 126)
(237, 127)
(237, 128)
(237, 182)
(237, 183)
(237, 184)
(237, 185)
(237, 186)
(237, 187)
(237, 188)
(237, 189)
(237, 190)
(237, 191)
(237, 192)
(237, 193)
(237, 194)
(237, 195)
(237, 196)
(237, 197)
(237, 198)
(237, 199)
(237, 200)
(237, 201)
(237, 202)
(237, 203)
(237, 204)
(237, 205)
(237, 206)
(237, 207)
(237, 208)
(237, 209)
(237, 210)
(237, 211)
(237, 267)
(237, 268)
(237, 269)
(237, 270)
(237, 271)
(237, 272)
(237, 273)
(237, 274)
(237, 275)
(237, 276)
(237, 277)
(237, 278)
(237, 279)
(237, 280)
(237, 281)
(237, 282)
(237, 283)
(237, 284)
(237, 285)
(237, 286)
(237, 287)
(237, 288)
(237, 289)
(237, 290)
(237, 291)
(237, 292)
(237, 293)
(237, 294)
(237, 295)
(237, 296)
(237, 297)
(237, 298)
(237, 299)
(237, 300)
(237, 301)
(237, 302)
(237, 303)
(237, 304)
(237, 305)
(237, 306)
(237, 307)
(237, 308)
(237, 309)
(237, 310)
(237, 311)
(237, 312)
(237, 313)
(237, 314)
(237, 315)
(237, 316)
(237, 317)
(237, 318)
(237, 319)
(237, 320)
(237, 321)
(237, 322)
(237, 323)
(237, 324)
(237, 325)
(237, 326)
(237, 327)
(237, 328)
(237, 329)
(237, 330)
(237, 331)
(237, 332)
(237, 333)
(237, 334)
(237, 335)
(237, 336)
(237, 337)
(237, 338)
(237, 339)
(237, 340)
(237, 341)
(237, 342)
(237, 343)
(237, 344)
(237, 345)
(238, 108)
(238, 109)
(238, 110)
(238, 111)
(238, 112)
(238, 113)
(238, 114)
(238, 115)
(238, 116)
(238, 117)
(238, 118)
(238, 119)
(238, 120)
(238, 121)
(238, 122)
(238, 123)
(238, 124)
(238, 125)
(238, 126)
(238, 127)
(238, 128)
(238, 129)
(238, 180)
(238, 181)
(238, 182)
(238, 183)
(238, 184)
(238, 185)
(238, 186)
(238, 187)
(238, 188)
(238, 189)
(238, 190)
(238, 191)
(238, 192)
(238, 193)
(238, 194)
(238, 195)
(238, 196)
(238, 197)
(238, 198)
(238, 199)
(238, 200)
(238, 201)
(238, 202)
(238, 203)
(238, 204)
(238, 205)
(238, 206)
(238, 207)
(238, 208)
(238, 209)
(238, 210)
(238, 211)
(238, 265)
(238, 266)
(238, 267)
(238, 268)
(238, 269)
(238, 270)
(238, 271)
(238, 272)
(238, 273)
(238, 274)
(238, 275)
(238, 276)
(238, 277)
(238, 278)
(238, 279)
(238, 280)
(238, 281)
(238, 282)
(238, 283)
(238, 284)
(238, 285)
(238, 286)
(238, 287)
(238, 288)
(238, 289)
(238, 290)
(238, 291)
(238, 292)
(238, 293)
(238, 294)
(238, 295)
(238, 296)
(238, 297)
(238, 298)
(238, 299)
(238, 300)
(238, 301)
(238, 302)
(238, 303)
(238, 304)
(238, 305)
(238, 306)
(238, 307)
(238, 308)
(238, 309)
(238, 310)
(238, 311)
(238, 312)
(238, 313)
(238, 314)
(238, 315)
(238, 316)
(238, 317)
(238, 318)
(238, 319)
(238, 320)
(238, 321)
(238, 322)
(238, 323)
(238, 324)
(238, 325)
(238, 326)
(238, 327)
(238, 328)
(238, 329)
(238, 330)
(238, 331)
(238, 332)
(238, 333)
(238, 334)
(238, 335)
(238, 336)
(238, 337)
(238, 338)
(238, 339)
(238, 340)
(238, 341)
(238, 342)
(238, 343)
(238, 344)
(238, 345)
(239, 108)
(239, 109)
(239, 110)
(239, 111)
(239, 112)
(239, 113)
(239, 114)
(239, 115)
(239, 116)
(239, 117)
(239, 118)
(239, 119)
(239, 120)
(239, 121)
(239, 122)
(239, 123)
(239, 124)
(239, 125)
(239, 126)
(239, 127)
(239, 128)
(239, 129)
(239, 130)
(239, 131)
(239, 179)
(239, 180)
(239, 181)
(239, 182)
(239, 183)
(239, 184)
(239, 185)
(239, 186)
(239, 187)
(239, 188)
(239, 189)
(239, 190)
(239, 191)
(239, 192)
(239, 193)
(239, 194)
(239, 195)
(239, 196)
(239, 197)
(239, 198)
(239, 199)
(239, 200)
(239, 201)
(239, 202)
(239, 203)
(239, 204)
(239, 205)
(239, 206)
(239, 207)
(239, 263)
(239, 264)
(239, 265)
(239, 266)
(239, 267)
(239, 268)
(239, 269)
(239, 270)
(239, 271)
(239, 272)
(239, 273)
(239, 274)
(239, 275)
(239, 276)
(239, 277)
(239, 278)
(239, 279)
(239, 280)
(239, 281)
(239, 282)
(239, 283)
(239, 284)
(239, 285)
(239, 286)
(239, 287)
(239, 288)
(239, 289)
(239, 290)
(239, 291)
(239, 292)
(239, 293)
(239, 294)
(239, 295)
(239, 296)
(239, 297)
(239, 298)
(239, 299)
(239, 300)
(239, 301)
(239, 302)
(239, 303)
(239, 304)
(239, 305)
(239, 306)
(239, 307)
(239, 308)
(239, 309)
(239, 310)
(239, 311)
(239, 312)
(239, 313)
(239, 314)
(239, 315)
(239, 316)
(239, 317)
(239, 318)
(239, 319)
(239, 320)
(239, 321)
(239, 322)
(239, 323)
(239, 324)
(239, 325)
(239, 326)
(239, 327)
(239, 328)
(239, 329)
(239, 330)
(239, 331)
(239, 332)
(239, 333)
(239, 334)
(239, 335)
(239, 336)
(239, 337)
(239, 338)
(239, 339)
(239, 340)
(239, 341)
(239, 342)
(239, 343)
(239, 344)
(239, 345)
(240, 108)
(240, 109)
(240, 110)
(240, 111)
(240, 112)
(240, 113)
(240, 114)
(240, 115)
(240, 116)
(240, 117)
(240, 118)
(240, 119)
(240, 120)
(240, 121)
(240, 122)
(240, 123)
(240, 124)
(240, 125)
(240, 126)
(240, 127)
(240, 128)
(240, 129)
(240, 130)
(240, 131)
(240, 132)
(240, 133)
(240, 177)
(240, 178)
(240, 179)
(240, 180)
(240, 181)
(240, 182)
(240, 183)
(240, 184)
(240, 185)
(240, 186)
(240, 187)
(240, 188)
(240, 189)
(240, 190)
(240, 191)
(240, 192)
(240, 193)
(240, 194)
(240, 195)
(240, 196)
(240, 197)
(240, 198)
(240, 199)
(240, 200)
(240, 201)
(240, 202)
(240, 203)
(240, 204)
(240, 205)
(240, 206)
(240, 261)
(240, 262)
(240, 263)
(240, 264)
(240, 265)
(240, 266)
(240, 267)
(240, 268)
(240, 269)
(240, 270)
(240, 271)
(240, 272)
(240, 273)
(240, 274)
(240, 275)
(240, 276)
(240, 277)
(240, 278)
(240, 279)
(240, 280)
(240, 281)
(240, 282)
(240, 283)
(240, 284)
(240, 285)
(240, 286)
(240, 287)
(240, 288)
(240, 289)
(240, 290)
(240, 291)
(240, 292)
(240, 293)
(240, 294)
(240, 295)
(240, 296)
(240, 297)
(240, 298)
(240, 299)
(240, 300)
(240, 301)
(240, 302)
(240, 303)
(240, 304)
(240, 305)
(240, 306)
(240, 307)
(240, 308)
(240, 309)
(240, 310)
(240, 311)
(240, 312)
(240, 313)
(240, 314)
(240, 315)
(240, 316)
(240, 317)
(240, 318)
(240, 319)
(240, 320)
(240, 321)
(240, 322)
(240, 323)
(240, 324)
(240, 325)
(240, 326)
(240, 327)
(240, 328)
(240, 329)
(240, 330)
(240, 331)
(240, 332)
(240, 333)
(240, 334)
(240, 335)
(240, 336)
(240, 337)
(240, 338)
(240, 339)
(240, 340)
(240, 341)
(240, 342)
(240, 343)
(240, 344)
(240, 345)
(241, 107)
(241, 108)
(241, 109)
(241, 110)
(241, 111)
(241, 112)
(241, 113)
(241, 114)
(241, 116)
(241, 117)
(241, 118)
(241, 119)
(241, 121)
(241, 122)
(241, 123)
(241, 124)
(241, 125)
(241, 126)
(241, 127)
(241, 128)
(241, 129)
(241, 130)
(241, 131)
(241, 132)
(241, 133)
(241, 134)
(241, 135)
(241, 136)
(241, 175)
(241, 176)
(241, 177)
(241, 178)
(241, 179)
(241, 180)
(241, 181)
(241, 182)
(241, 183)
(241, 184)
(241, 185)
(241, 186)
(241, 187)
(241, 188)
(241, 189)
(241, 190)
(241, 191)
(241, 192)
(241, 193)
(241, 194)
(241, 195)
(241, 196)
(241, 197)
(241, 198)
(241, 199)
(241, 200)
(241, 201)
(241, 202)
(241, 203)
(241, 260)
(241, 261)
(241, 262)
(241, 263)
(241, 264)
(241, 265)
(241, 266)
(241, 267)
(241, 268)
(241, 269)
(241, 270)
(241, 271)
(241, 272)
(241, 273)
(241, 274)
(241, 275)
(241, 276)
(241, 277)
(241, 278)
(241, 279)
(241, 280)
(241, 281)
(241, 282)
(241, 283)
(241, 284)
(241, 285)
(241, 286)
(241, 287)
(241, 288)
(241, 289)
(241, 290)
(241, 291)
(241, 292)
(241, 293)
(241, 294)
(241, 295)
(241, 296)
(241, 297)
(241, 298)
(241, 299)
(241, 300)
(241, 301)
(241, 302)
(241, 303)
(241, 304)
(241, 305)
(241, 306)
(241, 307)
(241, 308)
(241, 309)
(241, 310)
(241, 311)
(241, 312)
(241, 313)
(241, 314)
(241, 315)
(241, 316)
(241, 317)
(241, 318)
(241, 319)
(241, 320)
(241, 321)
(241, 322)
(241, 323)
(241, 324)
(241, 325)
(241, 326)
(241, 327)
(241, 328)
(241, 329)
(241, 330)
(241, 331)
(241, 332)
(241, 333)
(241, 334)
(241, 335)
(241, 336)
(241, 337)
(241, 338)
(241, 339)
(241, 340)
(241, 341)
(241, 342)
(241, 343)
(241, 344)
(241, 345)
(242, 107)
(242, 109)
(242, 110)
(242, 111)
(242, 112)
(242, 113)
(242, 114)
(242, 115)
(242, 116)
(242, 117)
(242, 118)
(242, 119)
(242, 120)
(242, 121)
(242, 122)
(242, 123)
(242, 124)
(242, 125)
(242, 126)
(242, 127)
(242, 128)
(242, 129)
(242, 130)
(242, 131)
(242, 132)
(242, 133)
(242, 134)
(242, 135)
(242, 136)
(242, 137)
(242, 138)
(242, 139)
(242, 171)
(242, 172)
(242, 173)
(242, 174)
(242, 175)
(242, 176)
(242, 177)
(242, 178)
(242, 179)
(242, 180)
(242, 181)
(242, 182)
(242, 183)
(242, 184)
(242, 185)
(242, 186)
(242, 187)
(242, 188)
(242, 189)
(242, 190)
(242, 191)
(242, 192)
(242, 193)
(242, 194)
(242, 195)
(242, 196)
(242, 197)
(242, 198)
(242, 199)
(242, 200)
(242, 201)
(242, 202)
(242, 203)
(242, 258)
(242, 259)
(242, 260)
(242, 261)
(242, 262)
(242, 263)
(242, 264)
(242, 265)
(242, 266)
(242, 267)
(242, 268)
(242, 269)
(242, 270)
(242, 271)
(242, 272)
(242, 273)
(242, 274)
(242, 275)
(242, 276)
(242, 277)
(242, 278)
(242, 279)
(242, 280)
(242, 281)
(242, 282)
(242, 283)
(242, 284)
(242, 285)
(242, 286)
(242, 287)
(242, 288)
(242, 289)
(242, 290)
(242, 291)
(242, 292)
(242, 293)
(242, 294)
(242, 295)
(242, 296)
(242, 297)
(242, 298)
(242, 299)
(242, 300)
(242, 301)
(242, 302)
(242, 303)
(242, 304)
(242, 305)
(242, 306)
(242, 307)
(242, 308)
(242, 309)
(242, 310)
(242, 311)
(242, 312)
(242, 313)
(242, 314)
(242, 315)
(242, 316)
(242, 317)
(242, 318)
(242, 319)
(242, 320)
(242, 321)
(242, 322)
(242, 323)
(242, 324)
(242, 325)
(242, 326)
(242, 327)
(242, 328)
(242, 329)
(242, 330)
(242, 331)
(242, 332)
(242, 333)
(242, 334)
(242, 335)
(242, 336)
(242, 337)
(242, 338)
(242, 339)
(242, 340)
(242, 341)
(242, 342)
(242, 343)
(242, 344)
(242, 345)
(243, 107)
(243, 113)
(243, 114)
(243, 115)
(243, 116)
(243, 117)
(243, 118)
(243, 119)
(243, 120)
(243, 121)
(243, 122)
(243, 123)
(243, 124)
(243, 125)
(243, 126)
(243, 127)
(243, 128)
(243, 129)
(243, 130)
(243, 131)
(243, 132)
(243, 133)
(243, 134)
(243, 135)
(243, 136)
(243, 137)
(243, 138)
(243, 139)
(243, 141)
(243, 142)
(243, 143)
(243, 144)
(243, 145)
(243, 165)
(243, 166)
(243, 167)
(243, 168)
(243, 169)
(243, 170)
(243, 171)
(243, 172)
(243, 173)
(243, 174)
(243, 175)
(243, 176)
(243, 177)
(243, 178)
(243, 179)
(243, 180)
(243, 181)
(243, 188)
(243, 189)
(243, 190)
(243, 191)
(243, 192)
(243, 193)
(243, 194)
(243, 195)
(243, 196)
(243, 197)
(243, 198)
(243, 257)
(243, 258)
(243, 259)
(243, 260)
(243, 261)
(243, 262)
(243, 263)
(243, 264)
(243, 265)
(243, 266)
(243, 267)
(243, 268)
(243, 269)
(243, 270)
(243, 271)
(243, 272)
(243, 273)
(243, 274)
(243, 275)
(243, 276)
(243, 277)
(243, 278)
(243, 279)
(243, 280)
(243, 281)
(243, 282)
(243, 283)
(243, 284)
(243, 285)
(243, 286)
(243, 287)
(243, 288)
(243, 289)
(243, 290)
(243, 291)
(243, 292)
(243, 293)
(243, 294)
(243, 295)
(243, 296)
(243, 297)
(243, 298)
(243, 299)
(243, 300)
(243, 301)
(243, 302)
(243, 303)
(243, 304)
(243, 305)
(243, 306)
(243, 307)
(243, 308)
(243, 309)
(243, 310)
(243, 311)
(243, 312)
(243, 313)
(243, 314)
(243, 315)
(243, 316)
(243, 317)
(243, 318)
(243, 319)
(243, 320)
(243, 321)
(243, 322)
(243, 323)
(243, 324)
(243, 325)
(243, 326)
(243, 327)
(243, 328)
(243, 329)
(243, 330)
(243, 331)
(243, 332)
(243, 333)
(243, 334)
(243, 335)
(243, 336)
(243, 337)
(243, 338)
(243, 339)
(243, 340)
(243, 341)
(243, 342)
(243, 343)
(243, 344)
(243, 345)
(244, 107)
(244, 108)
(244, 109)
(244, 110)
(244, 111)
(244, 113)
(244, 114)
(244, 115)
(244, 116)
(244, 117)
(244, 118)
(244, 119)
(244, 120)
(244, 121)
(244, 122)
(244, 123)
(244, 124)
(244, 125)
(244, 126)
(244, 127)
(244, 128)
(244, 129)
(244, 130)
(244, 131)
(244, 132)
(244, 133)
(244, 134)
(244, 135)
(244, 136)
(244, 137)
(244, 138)
(244, 139)
(244, 140)
(244, 141)
(244, 142)
(244, 143)
(244, 144)
(244, 145)
(244, 146)
(244, 147)
(244, 148)
(244, 149)
(244, 150)
(244, 151)
(244, 152)
(244, 153)
(244, 154)
(244, 155)
(244, 156)
(244, 157)
(244, 158)
(244, 159)
(244, 160)
(244, 161)
(244, 162)
(244, 163)
(244, 164)
(244, 165)
(244, 166)
(244, 167)
(244, 169)
(244, 170)
(244, 171)
(244, 172)
(244, 173)
(244, 174)
(244, 175)
(244, 176)
(244, 177)
(244, 178)
(244, 179)
(244, 180)
(244, 181)
(244, 182)
(244, 189)
(244, 190)
(244, 191)
(244, 192)
(244, 193)
(244, 194)
(244, 195)
(244, 196)
(244, 197)
(244, 198)
(244, 203)
(244, 256)
(244, 257)
(244, 258)
(244, 259)
(244, 260)
(244, 261)
(244, 262)
(244, 263)
(244, 264)
(244, 265)
(244, 266)
(244, 267)
(244, 268)
(244, 269)
(244, 270)
(244, 271)
(244, 272)
(244, 273)
(244, 274)
(244, 275)
(244, 276)
(244, 277)
(244, 278)
(244, 279)
(244, 280)
(244, 281)
(244, 282)
(244, 283)
(244, 284)
(244, 285)
(244, 286)
(244, 287)
(244, 288)
(244, 289)
(244, 290)
(244, 291)
(244, 292)
(244, 293)
(244, 294)
(244, 295)
(244, 296)
(244, 297)
(244, 298)
(244, 299)
(244, 300)
(244, 301)
(244, 302)
(244, 303)
(244, 304)
(244, 305)
(244, 306)
(244, 307)
(244, 308)
(244, 309)
(244, 310)
(244, 311)
(244, 312)
(244, 313)
(244, 314)
(244, 315)
(244, 316)
(244, 317)
(244, 318)
(244, 319)
(244, 320)
(244, 321)
(244, 322)
(244, 323)
(244, 324)
(244, 325)
(244, 326)
(244, 327)
(244, 328)
(244, 329)
(244, 330)
(244, 331)
(244, 332)
(244, 333)
(244, 334)
(244, 335)
(244, 336)
(244, 337)
(244, 338)
(244, 339)
(244, 340)
(244, 341)
(244, 342)
(244, 343)
(244, 344)
(244, 345)
(245, 107)
(245, 108)
(245, 109)
(245, 110)
(245, 113)
(245, 114)
(245, 115)
(245, 116)
(245, 117)
(245, 118)
(245, 119)
(245, 120)
(245, 121)
(245, 122)
(245, 123)
(245, 124)
(245, 125)
(245, 126)
(245, 127)
(245, 128)
(245, 129)
(245, 130)
(245, 131)
(245, 132)
(245, 133)
(245, 134)
(245, 135)
(245, 136)
(245, 137)
(245, 138)
(245, 139)
(245, 140)
(245, 141)
(245, 142)
(245, 143)
(245, 144)
(245, 145)
(245, 146)
(245, 147)
(245, 148)
(245, 149)
(245, 150)
(245, 151)
(245, 152)
(245, 153)
(245, 154)
(245, 155)
(245, 156)
(245, 157)
(245, 158)
(245, 159)
(245, 160)
(245, 161)
(245, 162)
(245, 163)
(245, 164)
(245, 165)
(245, 166)
(245, 167)
(245, 168)
(245, 169)
(245, 170)
(245, 171)
(245, 172)
(245, 173)
(245, 174)
(245, 175)
(245, 176)
(245, 177)
(245, 178)
(245, 179)
(245, 180)
(245, 181)
(245, 182)
(245, 183)
(245, 189)
(245, 190)
(245, 191)
(245, 192)
(245, 193)
(245, 194)
(245, 195)
(245, 196)
(245, 197)
(245, 198)
(245, 199)
(245, 204)
(245, 254)
(245, 255)
(245, 256)
(245, 257)
(245, 258)
(245, 259)
(245, 260)
(245, 261)
(245, 262)
(245, 263)
(245, 264)
(245, 265)
(245, 266)
(245, 267)
(245, 268)
(245, 269)
(245, 270)
(245, 271)
(245, 272)
(245, 273)
(245, 274)
(245, 275)
(245, 276)
(245, 277)
(245, 278)
(245, 279)
(245, 280)
(245, 281)
(245, 282)
(245, 283)
(245, 284)
(245, 285)
(245, 286)
(245, 287)
(245, 288)
(245, 289)
(245, 290)
(245, 291)
(245, 292)
(245, 293)
(245, 294)
(245, 295)
(245, 296)
(245, 297)
(245, 298)
(245, 299)
(245, 300)
(245, 301)
(245, 302)
(245, 303)
(245, 304)
(245, 305)
(245, 306)
(245, 307)
(245, 308)
(245, 309)
(245, 310)
(245, 311)
(245, 312)
(245, 313)
(245, 314)
(245, 315)
(245, 316)
(245, 317)
(245, 318)
(245, 319)
(245, 320)
(245, 321)
(245, 322)
(245, 323)
(245, 324)
(245, 325)
(245, 326)
(245, 327)
(245, 328)
(245, 329)
(245, 330)
(245, 331)
(245, 332)
(245, 333)
(245, 334)
(245, 335)
(245, 336)
(245, 337)
(245, 338)
(245, 339)
(245, 340)
(245, 341)
(245, 342)
(245, 343)
(245, 344)
(245, 345)
(246, 106)
(246, 107)
(246, 113)
(246, 114)
(246, 115)
(246, 116)
(246, 117)
(246, 118)
(246, 119)
(246, 120)
(246, 121)
(246, 122)
(246, 126)
(246, 127)
(246, 128)
(246, 129)
(246, 130)
(246, 131)
(246, 132)
(246, 133)
(246, 134)
(246, 135)
(246, 136)
(246, 137)
(246, 138)
(246, 139)
(246, 141)
(246, 142)
(246, 143)
(246, 144)
(246, 145)
(246, 146)
(246, 147)
(246, 148)
(246, 149)
(246, 150)
(246, 151)
(246, 152)
(246, 153)
(246, 154)
(246, 155)
(246, 156)
(246, 157)
(246, 158)
(246, 159)
(246, 160)
(246, 161)
(246, 162)
(246, 163)
(246, 164)
(246, 165)
(246, 166)
(246, 167)
(246, 168)
(246, 169)
(246, 170)
(246, 171)
(246, 172)
(246, 173)
(246, 174)
(246, 175)
(246, 176)
(246, 177)
(246, 178)
(246, 179)
(246, 180)
(246, 181)
(246, 182)
(246, 183)
(246, 190)
(246, 191)
(246, 192)
(246, 193)
(246, 194)
(246, 195)
(246, 196)
(246, 197)
(246, 198)
(246, 199)
(246, 205)
(246, 253)
(246, 254)
(246, 255)
(246, 256)
(246, 257)
(246, 258)
(246, 259)
(246, 260)
(246, 261)
(246, 262)
(246, 263)
(246, 264)
(246, 265)
(246, 266)
(246, 267)
(246, 268)
(246, 269)
(246, 270)
(246, 271)
(246, 272)
(246, 273)
(246, 274)
(246, 275)
(246, 276)
(246, 277)
(246, 278)
(246, 279)
(246, 280)
(246, 281)
(246, 282)
(246, 283)
(246, 284)
(246, 285)
(246, 286)
(246, 287)
(246, 288)
(246, 289)
(246, 290)
(246, 291)
(246, 292)
(246, 293)
(246, 294)
(246, 295)
(246, 296)
(246, 297)
(246, 298)
(246, 299)
(246, 300)
(246, 301)
(246, 302)
(246, 303)
(246, 304)
(246, 305)
(246, 306)
(246, 307)
(246, 308)
(246, 309)
(246, 310)
(246, 311)
(246, 312)
(246, 313)
(246, 314)
(246, 315)
(246, 316)
(246, 317)
(246, 318)
(246, 319)
(246, 320)
(246, 321)
(246, 322)
(246, 323)
(246, 324)
(246, 325)
(246, 326)
(246, 327)
(246, 328)
(246, 329)
(246, 330)
(246, 331)
(246, 332)
(246, 333)
(246, 334)
(246, 335)
(246, 336)
(246, 337)
(246, 338)
(246, 339)
(246, 340)
(246, 341)
(246, 342)
(246, 343)
(246, 344)
(246, 345)
(247, 106)
(247, 107)
(247, 112)
(247, 113)
(247, 114)
(247, 115)
(247, 116)
(247, 117)
(247, 118)
(247, 119)
(247, 120)
(247, 121)
(247, 122)
(247, 124)
(247, 125)
(247, 126)
(247, 127)
(247, 128)
(247, 129)
(247, 130)
(247, 131)
(247, 132)
(247, 133)
(247, 134)
(247, 135)
(247, 136)
(247, 137)
(247, 138)
(247, 139)
(247, 140)
(247, 141)
(247, 142)
(247, 143)
(247, 144)
(247, 145)
(247, 146)
(247, 147)
(247, 148)
(247, 149)
(247, 150)
(247, 151)
(247, 152)
(247, 153)
(247, 154)
(247, 155)
(247, 156)
(247, 157)
(247, 158)
(247, 159)
(247, 160)
(247, 161)
(247, 162)
(247, 163)
(247, 164)
(247, 165)
(247, 166)
(247, 167)
(247, 168)
(247, 169)
(247, 170)
(247, 171)
(247, 172)
(247, 173)
(247, 174)
(247, 175)
(247, 176)
(247, 177)
(247, 178)
(247, 179)
(247, 180)
(247, 181)
(247, 182)
(247, 183)
(247, 184)
(247, 190)
(247, 191)
(247, 192)
(247, 193)
(247, 194)
(247, 195)
(247, 196)
(247, 197)
(247, 198)
(247, 199)
(247, 200)
(247, 205)
(247, 251)
(247, 252)
(247, 253)
(247, 254)
(247, 255)
(247, 256)
(247, 257)
(247, 258)
(247, 259)
(247, 260)
(247, 261)
(247, 262)
(247, 263)
(247, 264)
(247, 265)
(247, 266)
(247, 267)
(247, 268)
(247, 269)
(247, 270)
(247, 271)
(247, 272)
(247, 273)
(247, 274)
(247, 275)
(247, 276)
(247, 277)
(247, 278)
(247, 279)
(247, 280)
(247, 281)
(247, 282)
(247, 283)
(247, 284)
(247, 285)
(247, 286)
(247, 287)
(247, 288)
(247, 289)
(247, 290)
(247, 291)
(247, 292)
(247, 293)
(247, 294)
(247, 295)
(247, 296)
(247, 297)
(247, 298)
(247, 299)
(247, 300)
(247, 301)
(247, 302)
(247, 303)
(247, 304)
(247, 305)
(247, 306)
(247, 307)
(247, 308)
(247, 309)
(247, 310)
(247, 311)
(247, 312)
(247, 313)
(247, 314)
(247, 315)
(247, 316)
(247, 317)
(247, 318)
(247, 319)
(247, 320)
(247, 321)
(247, 322)
(247, 323)
(247, 324)
(247, 325)
(247, 326)
(247, 327)
(247, 328)
(247, 329)
(247, 330)
(247, 331)
(247, 332)
(247, 333)
(247, 334)
(247, 335)
(247, 336)
(247, 337)
(247, 338)
(247, 339)
(247, 340)
(247, 341)
(247, 342)
(247, 343)
(247, 344)
(247, 345)
(248, 106)
(248, 107)
(248, 112)
(248, 113)
(248, 114)
(248, 115)
(248, 116)
(248, 117)
(248, 118)
(248, 119)
(248, 120)
(248, 121)
(248, 122)
(248, 123)
(248, 124)
(248, 125)
(248, 126)
(248, 127)
(248, 128)
(248, 129)
(248, 130)
(248, 131)
(248, 132)
(248, 133)
(248, 134)
(248, 135)
(248, 136)
(248, 137)
(248, 138)
(248, 139)
(248, 140)
(248, 141)
(248, 142)
(248, 143)
(248, 144)
(248, 145)
(248, 146)
(248, 147)
(248, 148)
(248, 149)
(248, 150)
(248, 152)
(248, 153)
(248, 154)
(248, 155)
(248, 156)
(248, 157)
(248, 158)
(248, 159)
(248, 160)
(248, 161)
(248, 162)
(248, 163)
(248, 164)
(248, 165)
(248, 166)
(248, 167)
(248, 168)
(248, 169)
(248, 170)
(248, 171)
(248, 172)
(248, 173)
(248, 174)
(248, 175)
(248, 176)
(248, 177)
(248, 178)
(248, 179)
(248, 180)
(248, 181)
(248, 182)
(248, 183)
(248, 184)
(248, 185)
(248, 186)
(248, 190)
(248, 191)
(248, 192)
(248, 193)
(248, 194)
(248, 195)
(248, 196)
(248, 197)
(248, 198)
(248, 199)
(248, 200)
(248, 201)
(248, 206)
(248, 250)
(248, 251)
(248, 252)
(248, 253)
(248, 254)
(248, 255)
(248, 256)
(248, 257)
(248, 258)
(248, 259)
(248, 260)
(248, 261)
(248, 262)
(248, 263)
(248, 264)
(248, 265)
(248, 266)
(248, 267)
(248, 268)
(248, 269)
(248, 270)
(248, 271)
(248, 272)
(248, 273)
(248, 274)
(248, 275)
(248, 276)
(248, 277)
(248, 278)
(248, 279)
(248, 280)
(248, 281)
(248, 282)
(248, 283)
(248, 284)
(248, 285)
(248, 286)
(248, 287)
(248, 288)
(248, 289)
(248, 290)
(248, 291)
(248, 292)
(248, 293)
(248, 294)
(248, 295)
(248, 296)
(248, 297)
(248, 298)
(248, 299)
(248, 300)
(248, 301)
(248, 302)
(248, 303)
(248, 304)
(248, 305)
(248, 306)
(248, 307)
(248, 308)
(248, 309)
(248, 310)
(248, 311)
(248, 312)
(248, 313)
(248, 314)
(248, 315)
(248, 316)
(248, 317)
(248, 318)
(248, 319)
(248, 320)
(248, 321)
(248, 322)
(248, 323)
(248, 324)
(248, 325)
(248, 326)
(248, 327)
(248, 328)
(248, 329)
(248, 330)
(248, 331)
(248, 332)
(248, 333)
(248, 334)
(248, 335)
(248, 336)
(248, 337)
(248, 338)
(248, 339)
(248, 340)
(248, 341)
(248, 342)
(248, 343)
(248, 344)
(248, 345)
(249, 106)
(249, 112)
(249, 113)
(249, 114)
(249, 115)
(249, 116)
(249, 117)
(249, 118)
(249, 119)
(249, 120)
(249, 121)
(249, 122)
(249, 123)
(249, 124)
(249, 125)
(249, 126)
(249, 127)
(249, 128)
(249, 129)
(249, 130)
(249, 131)
(249, 132)
(249, 133)
(249, 134)
(249, 135)
(249, 136)
(249, 137)
(249, 138)
(249, 139)
(249, 140)
(249, 141)
(249, 142)
(249, 143)
(249, 144)
(249, 145)
(249, 146)
(249, 147)
(249, 148)
(249, 149)
(249, 150)
(249, 151)
(249, 152)
(249, 153)
(249, 154)
(249, 155)
(249, 157)
(249, 158)
(249, 159)
(249, 160)
(249, 161)
(249, 162)
(249, 163)
(249, 164)
(249, 165)
(249, 166)
(249, 167)
(249, 168)
(249, 169)
(249, 170)
(249, 171)
(249, 172)
(249, 173)
(249, 174)
(249, 175)
(249, 176)
(249, 177)
(249, 178)
(249, 179)
(249, 180)
(249, 181)
(249, 182)
(249, 183)
(249, 184)
(249, 185)
(249, 186)
(249, 187)
(249, 188)
(249, 191)
(249, 192)
(249, 193)
(249, 194)
(249, 195)
(249, 196)
(249, 197)
(249, 198)
(249, 199)
(249, 200)
(249, 201)
(249, 207)
(249, 249)
(249, 250)
(249, 251)
(249, 252)
(249, 253)
(249, 254)
(249, 255)
(249, 256)
(249, 257)
(249, 258)
(249, 259)
(249, 260)
(249, 261)
(249, 262)
(249, 263)
(249, 264)
(249, 265)
(249, 266)
(249, 267)
(249, 268)
(249, 269)
(249, 270)
(249, 271)
(249, 272)
(249, 273)
(249, 274)
(249, 275)
(249, 276)
(249, 277)
(249, 278)
(249, 279)
(249, 280)
(249, 281)
(249, 282)
(249, 283)
(249, 284)
(249, 285)
(249, 286)
(249, 287)
(249, 288)
(249, 289)
(249, 290)
(249, 291)
(249, 292)
(249, 293)
(249, 294)
(249, 295)
(249, 296)
(249, 297)
(249, 298)
(249, 299)
(249, 300)
(249, 301)
(249, 302)
(249, 303)
(249, 304)
(249, 305)
(249, 306)
(249, 307)
(249, 308)
(249, 309)
(249, 310)
(249, 311)
(249, 312)
(249, 313)
(249, 314)
(249, 315)
(249, 316)
(249, 317)
(249, 318)
(249, 319)
(249, 320)
(249, 321)
(249, 322)
(249, 323)
(249, 324)
(249, 325)
(249, 326)
(249, 327)
(249, 328)
(249, 329)
(249, 330)
(249, 331)
(249, 332)
(249, 333)
(249, 334)
(249, 335)
(249, 336)
(249, 337)
(249, 338)
(249, 339)
(249, 340)
(249, 341)
(249, 342)
(249, 343)
(249, 344)
(249, 345)
(250, 106)
(250, 107)
(250, 110)
(250, 112)
(250, 113)
(250, 114)
(250, 115)
(250, 116)
(250, 119)
(250, 121)
(250, 122)
(250, 123)
(250, 124)
(250, 125)
(250, 126)
(250, 127)
(250, 128)
(250, 129)
(250, 130)
(250, 131)
(250, 132)
(250, 133)
(250, 134)
(250, 135)
(250, 136)
(250, 138)
(250, 139)
(250, 140)
(250, 141)
(250, 142)
(250, 143)
(250, 144)
(250, 145)
(250, 146)
(250, 147)
(250, 148)
(250, 149)
(250, 150)
(250, 151)
(250, 152)
(250, 153)
(250, 154)
(250, 155)
(250, 156)
(250, 157)
(250, 158)
(250, 159)
(250, 160)
(250, 161)
(250, 162)
(250, 163)
(250, 164)
(250, 165)
(250, 166)
(250, 167)
(250, 168)
(250, 169)
(250, 170)
(250, 171)
(250, 172)
(250, 173)
(250, 174)
(250, 175)
(250, 177)
(250, 178)
(250, 179)
(250, 180)
(250, 181)
(250, 182)
(250, 183)
(250, 184)
(250, 185)
(250, 186)
(250, 187)
(250, 188)
(250, 192)
(250, 193)
(250, 194)
(250, 195)
(250, 196)
(250, 197)
(250, 198)
(250, 199)
(250, 200)
(250, 201)
(250, 202)
(250, 203)
(250, 207)
(250, 247)
(250, 248)
(250, 249)
(250, 250)
(250, 251)
(250, 252)
(250, 253)
(250, 254)
(250, 255)
(250, 256)
(250, 257)
(250, 258)
(250, 259)
(250, 260)
(250, 261)
(250, 262)
(250, 263)
(250, 264)
(250, 265)
(250, 266)
(250, 267)
(250, 268)
(250, 269)
(250, 270)
(250, 271)
(250, 272)
(250, 273)
(250, 274)
(250, 275)
(250, 276)
(250, 277)
(250, 278)
(250, 279)
(250, 280)
(250, 281)
(250, 282)
(250, 283)
(250, 284)
(250, 285)
(250, 286)
(250, 287)
(250, 288)
(250, 289)
(250, 290)
(250, 291)
(250, 292)
(250, 293)
(250, 294)
(250, 295)
(250, 296)
(250, 297)
(250, 298)
(250, 299)
(250, 300)
(250, 301)
(250, 302)
(250, 303)
(250, 304)
(250, 305)
(250, 306)
(250, 307)
(250, 308)
(250, 309)
(250, 310)
(250, 311)
(250, 312)
(250, 313)
(250, 314)
(250, 315)
(250, 316)
(250, 317)
(250, 318)
(250, 319)
(250, 320)
(250, 321)
(250, 322)
(250, 323)
(250, 324)
(250, 325)
(250, 326)
(250, 327)
(250, 328)
(250, 329)
(250, 330)
(250, 331)
(250, 332)
(250, 333)
(250, 334)
(250, 335)
(250, 336)
(250, 337)
(250, 338)
(250, 339)
(250, 340)
(250, 341)
(250, 342)
(250, 343)
(250, 344)
(250, 345)
(251, 106)
(251, 112)
(251, 113)
(251, 114)
(251, 115)
(251, 116)
(251, 119)
(251, 120)
(251, 121)
(251, 122)
(251, 123)
(251, 124)
(251, 125)
(251, 126)
(251, 127)
(251, 128)
(251, 129)
(251, 130)
(251, 131)
(251, 132)
(251, 133)
(251, 134)
(251, 141)
(251, 143)
(251, 145)
(251, 148)
(251, 149)
(251, 150)
(251, 151)
(251, 152)
(251, 153)
(251, 154)
(251, 155)
(251, 156)
(251, 157)
(251, 158)
(251, 159)
(251, 160)
(251, 161)
(251, 162)
(251, 163)
(251, 164)
(251, 165)
(251, 166)
(251, 167)
(251, 169)
(251, 171)
(251, 173)
(251, 175)
(251, 177)
(251, 178)
(251, 179)
(251, 180)
(251, 181)
(251, 182)
(251, 183)
(251, 184)
(251, 185)
(251, 186)
(251, 187)
(251, 188)
(251, 189)
(251, 192)
(251, 193)
(251, 194)
(251, 195)
(251, 196)
(251, 197)
(251, 198)
(251, 199)
(251, 200)
(251, 201)
(251, 202)
(251, 208)
(251, 246)
(251, 247)
(251, 248)
(251, 249)
(251, 250)
(251, 251)
(251, 252)
(251, 253)
(251, 254)
(251, 255)
(251, 256)
(251, 257)
(251, 258)
(251, 259)
(251, 260)
(251, 261)
(251, 262)
(251, 263)
(251, 264)
(251, 265)
(251, 266)
(251, 267)
(251, 268)
(251, 269)
(251, 270)
(251, 271)
(251, 272)
(251, 273)
(251, 274)
(251, 275)
(251, 276)
(251, 277)
(251, 278)
(251, 279)
(251, 280)
(251, 281)
(251, 282)
(251, 283)
(251, 284)
(251, 285)
(251, 286)
(251, 287)
(251, 288)
(251, 289)
(251, 290)
(251, 291)
(251, 292)
(251, 293)
(251, 294)
(251, 295)
(251, 296)
(251, 297)
(251, 298)
(251, 299)
(251, 300)
(251, 301)
(251, 302)
(251, 303)
(251, 304)
(251, 305)
(251, 306)
(251, 307)
(251, 308)
(251, 309)
(251, 310)
(251, 311)
(251, 312)
(251, 313)
(251, 314)
(251, 315)
(251, 316)
(251, 317)
(251, 318)
(251, 319)
(251, 320)
(251, 321)
(251, 322)
(251, 323)
(251, 324)
(251, 325)
(251, 326)
(251, 327)
(251, 328)
(251, 329)
(251, 330)
(251, 331)
(251, 332)
(251, 333)
(251, 334)
(251, 335)
(251, 336)
(251, 337)
(251, 338)
(251, 339)
(251, 340)
(251, 341)
(251, 342)
(251, 343)
(251, 344)
(251, 345)
(252, 106)
(252, 107)
(252, 113)
(252, 114)
(252, 115)
(252, 116)
(252, 119)
(252, 120)
(252, 121)
(252, 122)
(252, 123)
(252, 124)
(252, 125)
(252, 126)
(252, 127)
(252, 128)
(252, 129)
(252, 130)
(252, 131)
(252, 132)
(252, 133)
(252, 134)
(252, 135)
(252, 149)
(252, 150)
(252, 151)
(252, 152)
(252, 153)
(252, 154)
(252, 155)
(252, 156)
(252, 157)
(252, 158)
(252, 159)
(252, 160)
(252, 161)
(252, 162)
(252, 163)
(252, 164)
(252, 165)
(252, 166)
(252, 171)
(252, 177)
(252, 178)
(252, 179)
(252, 180)
(252, 181)
(252, 182)
(252, 183)
(252, 184)
(252, 186)
(252, 187)
(252, 188)
(252, 189)
(252, 190)
(252, 191)
(252, 193)
(252, 194)
(252, 195)
(252, 196)
(252, 197)
(252, 198)
(252, 199)
(252, 200)
(252, 201)
(252, 202)
(252, 208)
(252, 209)
(252, 244)
(252, 245)
(252, 246)
(252, 247)
(252, 248)
(252, 249)
(252, 250)
(252, 251)
(252, 252)
(252, 253)
(252, 254)
(252, 255)
(252, 256)
(252, 257)
(252, 258)
(252, 259)
(252, 260)
(252, 261)
(252, 262)
(252, 263)
(252, 264)
(252, 265)
(252, 266)
(252, 267)
(252, 268)
(252, 269)
(252, 270)
(252, 271)
(252, 272)
(252, 273)
(252, 274)
(252, 275)
(252, 276)
(252, 277)
(252, 278)
(252, 279)
(252, 280)
(252, 281)
(252, 282)
(252, 283)
(252, 284)
(252, 285)
(252, 286)
(252, 287)
(252, 288)
(252, 289)
(252, 290)
(252, 291)
(252, 292)
(252, 293)
(252, 294)
(252, 295)
(252, 296)
(252, 297)
(252, 298)
(252, 299)
(252, 300)
(252, 301)
(252, 302)
(252, 303)
(252, 304)
(252, 305)
(252, 306)
(252, 307)
(252, 308)
(252, 309)
(252, 310)
(252, 311)
(252, 312)
(252, 313)
(252, 314)
(252, 315)
(252, 316)
(252, 317)
(252, 318)
(252, 319)
(252, 320)
(252, 321)
(252, 322)
(252, 323)
(252, 324)
(252, 325)
(252, 326)
(252, 327)
(252, 328)
(252, 329)
(252, 330)
(252, 331)
(252, 332)
(252, 333)
(252, 334)
(252, 335)
(252, 336)
(252, 337)
(252, 338)
(252, 339)
(252, 340)
(252, 341)
(252, 342)
(252, 343)
(252, 344)
(252, 345)
(253, 106)
(253, 107)
(253, 114)
(253, 115)
(253, 116)
(253, 117)
(253, 118)
(253, 119)
(253, 120)
(253, 121)
(253, 122)
(253, 123)
(253, 124)
(253, 125)
(253, 126)
(253, 127)
(253, 128)
(253, 129)
(253, 130)
(253, 131)
(253, 132)
(253, 133)
(253, 135)
(253, 143)
(253, 145)
(253, 147)
(253, 151)
(253, 153)
(253, 155)
(253, 157)
(253, 159)
(253, 161)
(253, 163)
(253, 169)
(253, 171)
(253, 177)
(253, 179)
(253, 180)
(253, 181)
(253, 182)
(253, 183)
(253, 184)
(253, 185)
(253, 186)
(253, 187)
(253, 188)
(253, 189)
(253, 190)
(253, 191)
(253, 208)
(253, 209)
(253, 243)
(253, 244)
(253, 245)
(253, 246)
(253, 247)
(253, 248)
(253, 249)
(253, 250)
(253, 251)
(253, 252)
(253, 253)
(253, 254)
(253, 255)
(253, 256)
(253, 257)
(253, 258)
(253, 259)
(253, 260)
(253, 261)
(253, 262)
(253, 263)
(253, 264)
(253, 265)
(253, 266)
(253, 267)
(253, 268)
(253, 269)
(253, 270)
(253, 271)
(253, 272)
(253, 273)
(253, 274)
(253, 275)
(253, 276)
(253, 277)
(253, 278)
(253, 279)
(253, 280)
(253, 281)
(253, 282)
(253, 283)
(253, 284)
(253, 285)
(253, 286)
(253, 287)
(253, 288)
(253, 289)
(253, 290)
(253, 291)
(253, 292)
(253, 293)
(253, 294)
(253, 295)
(253, 296)
(253, 297)
(253, 298)
(253, 299)
(253, 300)
(253, 301)
(253, 302)
(253, 303)
(253, 304)
(253, 305)
(253, 306)
(253, 307)
(253, 308)
(253, 309)
(253, 310)
(253, 311)
(253, 312)
(253, 313)
(253, 314)
(253, 315)
(253, 316)
(253, 317)
(253, 318)
(253, 319)
(253, 320)
(253, 321)
(253, 322)
(253, 323)
(253, 324)
(253, 325)
(253, 326)
(253, 327)
(253, 328)
(253, 329)
(253, 330)
(253, 331)
(253, 332)
(253, 333)
(253, 334)
(253, 335)
(253, 336)
(253, 337)
(253, 338)
(253, 339)
(253, 340)
(253, 341)
(253, 342)
(253, 343)
(253, 344)
(253, 345)
(254, 106)
(254, 108)
(254, 109)
(254, 110)
(254, 117)
(254, 119)
(254, 120)
(254, 121)
(254, 122)
(254, 123)
(254, 124)
(254, 125)
(254, 126)
(254, 127)
(254, 128)
(254, 129)
(254, 130)
(254, 131)
(254, 133)
(254, 134)
(254, 137)
(254, 164)
(254, 165)
(254, 168)
(254, 175)
(254, 177)
(254, 178)
(254, 179)
(254, 180)
(254, 181)
(254, 182)
(254, 183)
(254, 184)
(254, 185)
(254, 186)
(254, 187)
(254, 188)
(254, 189)
(254, 190)
(254, 191)
(254, 192)
(254, 199)
(254, 201)
(254, 202)
(254, 203)
(254, 205)
(254, 206)
(254, 207)
(254, 208)
(254, 209)
(254, 210)
(254, 241)
(254, 242)
(254, 243)
(254, 244)
(254, 245)
(254, 246)
(254, 247)
(254, 248)
(254, 249)
(254, 250)
(254, 251)
(254, 252)
(254, 253)
(254, 254)
(254, 255)
(254, 256)
(254, 257)
(254, 258)
(254, 259)
(254, 260)
(254, 261)
(254, 262)
(254, 263)
(254, 264)
(254, 265)
(254, 266)
(254, 267)
(254, 268)
(254, 269)
(254, 270)
(254, 271)
(254, 272)
(254, 273)
(254, 274)
(254, 275)
(254, 276)
(254, 277)
(254, 278)
(254, 279)
(254, 280)
(254, 281)
(254, 282)
(254, 283)
(254, 284)
(254, 285)
(254, 286)
(254, 287)
(254, 288)
(254, 289)
(254, 290)
(254, 291)
(254, 292)
(254, 293)
(254, 294)
(254, 295)
(254, 296)
(254, 297)
(254, 298)
(254, 299)
(254, 300)
(254, 301)
(254, 302)
(254, 303)
(254, 304)
(254, 305)
(254, 306)
(254, 307)
(254, 308)
(254, 309)
(254, 310)
(254, 311)
(254, 312)
(254, 313)
(254, 314)
(254, 315)
(254, 316)
(254, 317)
(254, 318)
(254, 319)
(254, 320)
(254, 321)
(254, 322)
(254, 323)
(254, 324)
(254, 325)
(254, 326)
(254, 327)
(254, 328)
(254, 329)
(254, 330)
(254, 331)
(254, 332)
(254, 333)
(254, 334)
(254, 335)
(254, 336)
(254, 337)
(254, 338)
(254, 339)
(254, 340)
(254, 341)
(254, 342)
(254, 343)
(254, 344)
(254, 345)
(255, 106)
(255, 107)
(255, 108)
(255, 109)
(255, 110)
(255, 111)
(255, 112)
(255, 113)
(255, 115)
(255, 118)
(255, 119)
(255, 120)
(255, 121)
(255, 122)
(255, 123)
(255, 124)
(255, 125)
(255, 126)
(255, 127)
(255, 128)
(255, 129)
(255, 130)
(255, 131)
(255, 132)
(255, 133)
(255, 134)
(255, 135)
(255, 137)
(255, 138)
(255, 139)
(255, 140)
(255, 141)
(255, 142)
(255, 143)
(255, 144)
(255, 145)
(255, 146)
(255, 147)
(255, 148)
(255, 149)
(255, 150)
(255, 151)
(255, 152)
(255, 153)
(255, 154)
(255, 155)
(255, 156)
(255, 157)
(255, 158)
(255, 159)
(255, 160)
(255, 162)
(255, 163)
(255, 164)
(255, 165)
(255, 166)
(255, 167)
(255, 168)
(255, 169)
(255, 170)
(255, 171)
(255, 172)
(255, 173)
(255, 174)
(255, 176)
(255, 177)
(255, 178)
(255, 179)
(255, 180)
(255, 181)
(255, 182)
(255, 183)
(255, 184)
(255, 185)
(255, 186)
(255, 187)
(255, 188)
(255, 189)
(255, 190)
(255, 191)
(255, 192)
(255, 193)
(255, 194)
(255, 195)
(255, 196)
(255, 197)
(255, 198)
(255, 199)
(255, 200)
(255, 201)
(255, 202)
(255, 203)
(255, 204)
(255, 205)
(255, 206)
(255, 207)
(255, 208)
(255, 209)
(255, 210)
(255, 241)
(255, 242)
(255, 243)
(255, 244)
(255, 245)
(255, 246)
(255, 247)
(255, 248)
(255, 249)
(255, 250)
(255, 251)
(255, 252)
(255, 253)
(255, 254)
(255, 255)
(255, 256)
(255, 257)
(255, 258)
(255, 259)
(255, 260)
(255, 261)
(255, 262)
(255, 263)
(255, 264)
(255, 265)
(255, 266)
(255, 267)
(255, 268)
(255, 269)
(255, 270)
(255, 271)
(255, 272)
(255, 273)
(255, 274)
(255, 275)
(255, 276)
(255, 277)
(255, 278)
(255, 279)
(255, 280)
(255, 281)
(255, 282)
(255, 283)
(255, 284)
(255, 285)
(255, 286)
(255, 287)
(255, 288)
(255, 289)
(255, 290)
(255, 291)
(255, 292)
(255, 293)
(255, 294)
(255, 295)
(255, 296)
(255, 297)
(255, 298)
(255, 299)
(255, 300)
(255, 301)
(255, 302)
(255, 303)
(255, 304)
(255, 305)
(255, 306)
(255, 307)
(255, 308)
(255, 309)
(255, 310)
(255, 311)
(255, 312)
(255, 313)
(255, 314)
(255, 315)
(255, 316)
(255, 317)
(255, 318)
(255, 319)
(255, 320)
(255, 321)
(255, 322)
(255, 323)
(255, 324)
(255, 325)
(255, 326)
(255, 327)
(255, 328)
(255, 329)
(255, 330)
(255, 331)
(255, 332)
(255, 333)
(255, 334)
(255, 335)
(255, 336)
(255, 337)
(255, 338)
(255, 339)
(255, 340)
(255, 341)
(255, 342)
(255, 343)
(255, 344)
(255, 345)
(256, 106)
(256, 107)
(256, 108)
(256, 109)
(256, 110)
(256, 116)
(256, 128)
(256, 148)
(256, 150)
(256, 154)
(256, 156)
(256, 158)
(256, 161)
(256, 162)
(256, 164)
(256, 165)
(256, 166)
(256, 167)
(256, 168)
(256, 169)
(256, 172)
(256, 173)
(256, 174)
(256, 175)
(256, 182)
(256, 184)
(256, 188)
(256, 189)
(256, 191)
(256, 192)
(256, 193)
(256, 194)
(256, 195)
(256, 197)
(256, 198)
(256, 200)
(256, 202)
(256, 203)
(256, 204)
(256, 205)
(256, 206)
(256, 207)
(256, 208)
(256, 209)
(256, 210)
(256, 240)
(256, 241)
(256, 242)
(256, 243)
(256, 244)
(256, 245)
(256, 246)
(256, 247)
(256, 248)
(256, 249)
(256, 250)
(256, 251)
(256, 252)
(256, 253)
(256, 254)
(256, 255)
(256, 256)
(256, 257)
(256, 258)
(256, 259)
(256, 260)
(256, 261)
(256, 262)
(256, 263)
(256, 264)
(256, 265)
(256, 266)
(256, 267)
(256, 268)
(256, 269)
(256, 270)
(256, 271)
(256, 272)
(256, 273)
(256, 274)
(256, 275)
(256, 276)
(256, 277)
(256, 278)
(256, 279)
(256, 280)
(256, 281)
(256, 282)
(256, 283)
(256, 284)
(256, 285)
(256, 286)
(256, 287)
(256, 288)
(256, 289)
(256, 290)
(256, 291)
(256, 292)
(256, 293)
(256, 294)
(256, 295)
(256, 296)
(256, 297)
(256, 298)
(256, 299)
(256, 300)
(256, 301)
(256, 302)
(256, 303)
(256, 304)
(256, 305)
(256, 306)
(256, 307)
(256, 308)
(256, 309)
(256, 310)
(256, 311)
(256, 312)
(256, 313)
(256, 314)
(256, 315)
(256, 316)
(256, 317)
(256, 318)
(256, 319)
(256, 320)
(256, 321)
(256, 322)
(256, 323)
(256, 324)
(256, 325)
(256, 326)
(256, 327)
(256, 328)
(256, 329)
(256, 330)
(256, 331)
(256, 332)
(256, 333)
(256, 334)
(256, 335)
(256, 336)
(256, 337)
(256, 338)
(256, 339)
(256, 340)
(256, 341)
(256, 342)
(256, 343)
(256, 344)
(256, 345)
(257, 106)
(257, 107)
(257, 108)
(257, 109)
(257, 110)
(257, 186)
(257, 206)
(257, 207)
(257, 208)
(257, 209)
(257, 210)
(257, 239)
(257, 240)
(257, 241)
(257, 242)
(257, 243)
(257, 244)
(257, 245)
(257, 246)
(257, 247)
(257, 248)
(257, 249)
(257, 250)
(257, 251)
(257, 252)
(257, 253)
(257, 254)
(257, 255)
(257, 256)
(257, 257)
(257, 258)
(257, 259)
(257, 260)
(257, 261)
(257, 262)
(257, 263)
(257, 264)
(257, 265)
(257, 266)
(257, 267)
(257, 268)
(257, 269)
(257, 270)
(257, 271)
(257, 272)
(257, 273)
(257, 274)
(257, 275)
(257, 276)
(257, 277)
(257, 278)
(257, 279)
(257, 280)
(257, 281)
(257, 282)
(257, 283)
(257, 284)
(257, 285)
(257, 286)
(257, 287)
(257, 288)
(257, 289)
(257, 290)
(257, 291)
(257, 292)
(257, 293)
(257, 294)
(257, 295)
(257, 296)
(257, 297)
(257, 298)
(257, 299)
(257, 300)
(257, 301)
(257, 302)
(257, 303)
(257, 304)
(257, 305)
(257, 306)
(257, 307)
(257, 308)
(257, 309)
(257, 310)
(257, 311)
(257, 312)
(257, 313)
(257, 314)
(257, 315)
(257, 316)
(257, 317)
(257, 318)
(257, 319)
(257, 320)
(257, 321)
(257, 322)
(257, 323)
(257, 324)
(257, 325)
(257, 326)
(257, 327)
(257, 328)
(257, 329)
(257, 330)
(257, 331)
(257, 332)
(257, 333)
(257, 334)
(257, 335)
(257, 336)
(257, 337)
(257, 338)
(257, 339)
(257, 340)
(257, 341)
(257, 342)
(257, 343)
(257, 344)
(257, 345)
(258, 106)
(258, 108)
(258, 109)
(258, 206)
(258, 207)
(258, 208)
(258, 209)
(258, 210)
(258, 237)
(258, 238)
(258, 239)
(258, 240)
(258, 241)
(258, 242)
(258, 243)
(258, 244)
(258, 245)
(258, 246)
(258, 247)
(258, 248)
(258, 249)
(258, 250)
(258, 251)
(258, 252)
(258, 253)
(258, 254)
(258, 255)
(258, 256)
(258, 257)
(258, 258)
(258, 259)
(258, 260)
(258, 261)
(258, 262)
(258, 263)
(258, 264)
(258, 265)
(258, 266)
(258, 267)
(258, 268)
(258, 269)
(258, 270)
(258, 271)
(258, 272)
(258, 273)
(258, 274)
(258, 275)
(258, 276)
(258, 277)
(258, 278)
(258, 279)
(258, 280)
(258, 281)
(258, 282)
(258, 283)
(258, 284)
(258, 285)
(258, 286)
(258, 287)
(258, 288)
(258, 289)
(258, 290)
(258, 291)
(258, 292)
(258, 293)
(258, 294)
(258, 295)
(258, 296)
(258, 297)
(258, 298)
(258, 299)
(258, 300)
(258, 301)
(258, 302)
(258, 303)
(258, 304)
(258, 305)
(258, 306)
(258, 307)
(258, 308)
(258, 309)
(258, 310)
(258, 311)
(258, 312)
(258, 313)
(258, 314)
(258, 315)
(258, 316)
(258, 317)
(258, 318)
(258, 319)
(258, 320)
(258, 321)
(258, 322)
(258, 323)
(258, 324)
(258, 325)
(258, 326)
(258, 327)
(258, 328)
(258, 329)
(258, 330)
(258, 331)
(258, 332)
(258, 333)
(258, 334)
(258, 335)
(258, 336)
(258, 337)
(258, 338)
(258, 339)
(258, 340)
(258, 341)
(258, 342)
(258, 343)
(258, 344)
(258, 345)
(259, 106)
(259, 107)
(259, 108)
(259, 109)
(259, 206)
(259, 207)
(259, 208)
(259, 209)
(259, 210)
(259, 211)
(259, 236)
(259, 237)
(259, 238)
(259, 239)
(259, 240)
(259, 241)
(259, 242)
(259, 243)
(259, 244)
(259, 245)
(259, 246)
(259, 247)
(259, 248)
(259, 249)
(259, 250)
(259, 251)
(259, 252)
(259, 253)
(259, 254)
(259, 255)
(259, 256)
(259, 257)
(259, 258)
(259, 259)
(259, 260)
(259, 261)
(259, 262)
(259, 263)
(259, 264)
(259, 265)
(259, 266)
(259, 267)
(259, 268)
(259, 269)
(259, 270)
(259, 271)
(259, 272)
(259, 273)
(259, 274)
(259, 275)
(259, 276)
(259, 277)
(259, 278)
(259, 279)
(259, 280)
(259, 281)
(259, 282)
(259, 283)
(259, 284)
(259, 285)
(259, 286)
(259, 287)
(259, 288)
(259, 289)
(259, 290)
(259, 291)
(259, 292)
(259, 293)
(259, 294)
(259, 295)
(259, 296)
(259, 297)
(259, 298)
(259, 299)
(259, 300)
(259, 301)
(259, 302)
(259, 303)
(259, 304)
(259, 305)
(259, 306)
(259, 307)
(259, 308)
(259, 309)
(259, 310)
(259, 311)
(259, 312)
(259, 313)
(259, 314)
(259, 315)
(259, 316)
(259, 317)
(259, 318)
(259, 319)
(259, 320)
(259, 321)
(259, 322)
(259, 323)
(259, 324)
(259, 325)
(259, 326)
(259, 327)
(259, 328)
(259, 329)
(259, 330)
(259, 331)
(259, 332)
(259, 333)
(259, 334)
(259, 335)
(259, 336)
(259, 337)
(259, 338)
(259, 339)
(259, 340)
(259, 341)
(259, 342)
(259, 343)
(259, 344)
(259, 345)
