(53, 233)
(53, 234)
(53, 235)
(53, 236)
(53, 237)
(54, 231)
(54, 232)
(54, 233)
(54, 234)
(54, 235)
(54, 236)
(55, 229)
(55, 230)
(55, 231)
(55, 232)
(55, 233)
(55, 234)
(55, 235)
(55, 236)
(56, 227)
(56, 228)
(56, 229)
(56, 230)
(56, 231)
(56, 232)
(56, 233)
(56, 234)
(56, 235)
(57, 225)
(57, 226)
(57, 227)
(57, 228)
(57, 229)
(57, 230)
(57, 231)
(57, 232)
(57, 233)
(57, 234)
(58, 223)
(58, 224)
(58, 225)
(58, 226)
(58, 228)
(58, 229)
(58, 230)
(58, 231)
(58, 232)
(58, 233)
(59, 221)
(59, 222)
(59, 223)
(59, 224)
(59, 225)
(59, 226)
(59, 227)
(59, 228)
(59, 229)
(59, 230)
(59, 231)
(59, 232)
(59, 233)
(60, 219)
(60, 220)
(60, 221)
(60, 222)
(60, 223)
(60, 224)
(60, 225)
(60, 226)
(60, 227)
(60, 228)
(60, 229)
(60, 230)
(60, 231)
(60, 232)
(60, 233)
(60, 234)
(60, 235)
(61, 217)
(61, 218)
(61, 219)
(61, 220)
(61, 221)
(61, 222)
(61, 223)
(61, 224)
(61, 225)
(61, 226)
(61, 227)
(61, 228)
(61, 229)
(61, 230)
(61, 231)
(62, 214)
(62, 215)
(62, 216)
(62, 217)
(62, 218)
(62, 219)
(62, 220)
(62, 221)
(62, 222)
(62, 223)
(62, 224)
(62, 225)
(62, 226)
(62, 227)
(62, 228)
(62, 229)
(62, 231)
(63, 211)
(63, 212)
(63, 213)
(63, 214)
(63, 215)
(63, 216)
(63, 217)
(63, 218)
(63, 219)
(63, 220)
(63, 221)
(63, 222)
(63, 224)
(63, 225)
(63, 226)
(63, 227)
(63, 229)
(64, 209)
(64, 210)
(64, 211)
(64, 212)
(64, 213)
(64, 214)
(64, 215)
(64, 216)
(64, 217)
(64, 218)
(64, 219)
(64, 220)
(64, 221)
(64, 222)
(64, 223)
(64, 224)
(64, 225)
(64, 226)
(64, 227)
(64, 235)
(65, 207)
(65, 208)
(65, 209)
(65, 210)
(65, 211)
(65, 212)
(65, 213)
(65, 214)
(65, 215)
(65, 216)
(65, 217)
(65, 218)
(65, 219)
(65, 220)
(65, 222)
(65, 223)
(65, 225)
(65, 226)
(65, 234)
(66, 204)
(66, 205)
(66, 206)
(66, 207)
(66, 208)
(66, 209)
(66, 210)
(66, 211)
(66, 212)
(66, 213)
(66, 214)
(66, 215)
(66, 216)
(66, 217)
(66, 218)
(66, 219)
(66, 220)
(66, 221)
(66, 222)
(66, 223)
(66, 224)
(66, 233)
(67, 202)
(67, 203)
(67, 204)
(67, 205)
(67, 206)
(67, 207)
(67, 208)
(67, 209)
(67, 210)
(67, 211)
(67, 212)
(67, 213)
(67, 214)
(67, 215)
(67, 216)
(67, 217)
(67, 218)
(67, 220)
(67, 221)
(67, 222)
(68, 200)
(68, 201)
(68, 202)
(68, 203)
(68, 204)
(68, 205)
(68, 207)
(68, 208)
(68, 209)
(68, 210)
(68, 211)
(68, 212)
(68, 213)
(68, 214)
(68, 215)
(68, 216)
(68, 217)
(68, 218)
(68, 219)
(68, 220)
(68, 221)
(69, 198)
(69, 199)
(69, 200)
(69, 201)
(69, 202)
(69, 203)
(69, 204)
(69, 205)
(69, 206)
(69, 207)
(69, 208)
(69, 209)
(69, 210)
(69, 211)
(69, 212)
(69, 213)
(69, 214)
(69, 215)
(69, 216)
(69, 218)
(69, 219)
(70, 196)
(70, 197)
(70, 198)
(70, 199)
(70, 200)
(70, 201)
(70, 202)
(70, 203)
(70, 204)
(70, 205)
(70, 206)
(70, 207)
(70, 208)
(70, 209)
(70, 210)
(70, 211)
(70, 212)
(70, 213)
(70, 214)
(70, 215)
(70, 216)
(70, 217)
(71, 195)
(71, 196)
(71, 197)
(71, 198)
(71, 199)
(71, 200)
(71, 201)
(71, 202)
(71, 203)
(71, 205)
(71, 206)
(71, 207)
(71, 208)
(71, 209)
(71, 210)
(71, 211)
(71, 212)
(71, 213)
(71, 215)
(72, 193)
(72, 194)
(72, 195)
(72, 196)
(72, 197)
(72, 198)
(72, 199)
(72, 200)
(72, 201)
(72, 202)
(72, 203)
(72, 204)
(72, 205)
(72, 206)
(72, 207)
(72, 208)
(72, 209)
(72, 210)
(72, 211)
(72, 212)
(72, 213)
(73, 193)
(73, 194)
(73, 195)
(73, 196)
(73, 197)
(73, 198)
(73, 199)
(73, 200)
(73, 201)
(73, 202)
(73, 203)
(73, 204)
(73, 205)
(73, 206)
(73, 207)
(73, 208)
(73, 209)
(73, 210)
(73, 211)
(73, 212)
(74, 191)
(74, 192)
(74, 193)
(74, 194)
(74, 195)
(74, 196)
(74, 197)
(74, 198)
(74, 199)
(74, 200)
(74, 201)
(74, 202)
(74, 203)
(74, 204)
(74, 205)
(74, 206)
(74, 207)
(74, 208)
(74, 209)
(74, 210)
(74, 211)
(74, 226)
(75, 191)
(75, 192)
(75, 193)
(75, 194)
(75, 195)
(75, 196)
(75, 197)
(75, 198)
(75, 199)
(75, 200)
(75, 201)
(75, 202)
(75, 203)
(75, 204)
(75, 205)
(75, 206)
(75, 207)
(75, 208)
(75, 225)
(76, 190)
(76, 191)
(76, 192)
(76, 193)
(76, 194)
(76, 195)
(76, 196)
(76, 197)
(76, 198)
(76, 199)
(76, 200)
(76, 201)
(76, 202)
(76, 203)
(76, 204)
(76, 205)
(76, 206)
(76, 207)
(76, 224)
(77, 189)
(77, 190)
(77, 191)
(77, 192)
(77, 193)
(77, 194)
(77, 195)
(77, 196)
(77, 197)
(77, 198)
(77, 199)
(77, 201)
(77, 202)
(77, 204)
(77, 223)
(78, 188)
(78, 189)
(78, 190)
(78, 191)
(78, 192)
(78, 193)
(78, 194)
(78, 195)
(78, 196)
(78, 197)
(78, 198)
(78, 199)
(78, 200)
(78, 201)
(78, 222)
(79, 187)
(79, 188)
(79, 189)
(79, 190)
(79, 191)
(79, 192)
(79, 193)
(79, 194)
(79, 195)
(79, 196)
(79, 197)
(79, 198)
(79, 221)
(80, 186)
(80, 187)
(80, 188)
(80, 189)
(80, 190)
(80, 191)
(80, 192)
(80, 193)
(80, 195)
(80, 196)
(80, 197)
(80, 220)
(81, 185)
(81, 186)
(81, 187)
(81, 188)
(81, 189)
(81, 190)
(81, 191)
(81, 193)
(81, 194)
(81, 219)
(82, 185)
(82, 186)
(82, 187)
(82, 188)
(82, 189)
(82, 190)
(82, 192)
(82, 193)
(82, 218)
(83, 184)
(83, 185)
(83, 186)
(83, 187)
(83, 188)
(83, 189)
(83, 191)
(83, 192)
(83, 217)
(84, 185)
(84, 186)
(84, 187)
(84, 188)
(84, 190)
(84, 191)
(84, 216)
(85, 183)
(85, 184)
(85, 185)
(85, 186)
(85, 187)
(85, 189)
(85, 190)
(85, 215)
(86, 183)
(86, 184)
(86, 185)
(86, 186)
(86, 189)
(86, 214)
(86, 215)
(87, 182)
(87, 183)
(87, 184)
(87, 185)
(87, 188)
(87, 214)
(88, 182)
(88, 183)
(88, 184)
(88, 185)
(88, 187)
(88, 213)
(89, 182)
(89, 183)
(89, 186)
(89, 212)
(90, 181)
(90, 182)
(90, 186)
(90, 211)
(91, 181)
(91, 182)
(91, 185)
(91, 210)
(92, 109)
(92, 184)
(92, 209)
(92, 210)
(93, 109)
(93, 110)
(93, 209)
(94, 109)
(94, 110)
(94, 111)
(94, 208)
(95, 109)
(95, 110)
(95, 111)
(95, 112)
(95, 208)
(96, 109)
(96, 110)
(96, 111)
(96, 112)
(96, 113)
(96, 207)
(97, 109)
(97, 111)
(97, 182)
(97, 207)
(98, 111)
(98, 112)
(98, 180)
(98, 181)
(98, 182)
(98, 206)
(99, 181)
(99, 206)
(99, 207)
(100, 180)
(100, 181)
(100, 205)
(100, 206)
(100, 207)
(101, 180)
(101, 181)
(101, 182)
(101, 205)
(101, 206)
(101, 207)
(102, 180)
(102, 181)
(102, 205)
(102, 206)
(102, 207)
(102, 208)
(103, 180)
(103, 181)
(103, 205)
(103, 206)
(103, 207)
(103, 208)
(103, 209)
(104, 181)
(104, 205)
(104, 206)
(104, 207)
(104, 208)
(104, 209)
(105, 181)
(105, 182)
(105, 205)
(105, 206)
(105, 207)
(105, 208)
(105, 209)
(105, 210)
(106, 181)
(106, 182)
(106, 205)
(106, 206)
(106, 207)
(106, 208)
(106, 209)
(106, 210)
(106, 211)
(107, 182)
(107, 205)
(107, 206)
(107, 207)
(107, 208)
(107, 209)
(107, 210)
(107, 211)
(108, 182)
(108, 183)
(108, 205)
(108, 206)
(108, 207)
(108, 208)
(108, 209)
(108, 210)
(108, 211)
(108, 212)
(109, 155)
(109, 183)
(109, 206)
(109, 207)
(109, 208)
(109, 209)
(109, 210)
(109, 211)
(109, 212)
(109, 213)
(110, 153)
(110, 154)
(110, 155)
(110, 183)
(110, 184)
(110, 206)
(110, 207)
(110, 208)
(110, 209)
(110, 210)
(110, 211)
(110, 212)
(110, 213)
(110, 214)
(111, 152)
(111, 153)
(111, 154)
(111, 155)
(111, 156)
(111, 157)
(111, 184)
(111, 206)
(111, 207)
(111, 208)
(111, 209)
(111, 210)
(111, 211)
(111, 212)
(111, 213)
(111, 214)
(112, 152)
(112, 153)
(112, 154)
(112, 156)
(112, 157)
(112, 184)
(112, 185)
(112, 207)
(112, 208)
(112, 209)
(112, 210)
(112, 212)
(112, 213)
(112, 214)
(112, 215)
(113, 152)
(113, 153)
(113, 154)
(113, 155)
(113, 156)
(113, 157)
(113, 158)
(113, 185)
(113, 208)
(113, 209)
(113, 210)
(113, 211)
(113, 212)
(113, 213)
(113, 214)
(113, 215)
(113, 216)
(114, 152)
(114, 153)
(114, 154)
(114, 155)
(114, 156)
(114, 157)
(114, 158)
(114, 185)
(114, 186)
(114, 208)
(114, 209)
(114, 210)
(114, 211)
(114, 212)
(114, 213)
(114, 214)
(114, 215)
(114, 216)
(114, 217)
(115, 151)
(115, 152)
(115, 153)
(115, 154)
(115, 155)
(115, 156)
(115, 157)
(115, 158)
(115, 159)
(115, 186)
(115, 209)
(115, 210)
(115, 211)
(115, 212)
(115, 213)
(115, 214)
(115, 215)
(115, 216)
(116, 151)
(116, 152)
(116, 153)
(116, 154)
(116, 155)
(116, 156)
(116, 157)
(116, 158)
(116, 159)
(116, 186)
(116, 187)
(116, 209)
(116, 210)
(116, 211)
(116, 212)
(116, 213)
(116, 214)
(116, 215)
(116, 216)
(116, 217)
(116, 218)
(117, 151)
(117, 152)
(117, 153)
(117, 154)
(117, 155)
(117, 156)
(117, 157)
(117, 158)
(117, 159)
(117, 160)
(117, 187)
(117, 210)
(117, 211)
(117, 212)
(117, 213)
(117, 214)
(117, 215)
(117, 216)
(117, 217)
(117, 218)
(117, 219)
(118, 151)
(118, 152)
(118, 153)
(118, 154)
(118, 155)
(118, 156)
(118, 157)
(118, 158)
(118, 159)
(118, 160)
(118, 161)
(118, 187)
(118, 188)
(118, 211)
(118, 212)
(118, 213)
(118, 214)
(118, 215)
(118, 216)
(118, 217)
(118, 218)
(118, 219)
(119, 151)
(119, 152)
(119, 153)
(119, 154)
(119, 155)
(119, 156)
(119, 157)
(119, 158)
(119, 159)
(119, 160)
(119, 161)
(119, 189)
(119, 212)
(119, 213)
(119, 214)
(119, 215)
(119, 216)
(119, 217)
(119, 218)
(119, 219)
(119, 220)
(120, 150)
(120, 151)
(120, 152)
(120, 153)
(120, 154)
(120, 155)
(120, 156)
(120, 157)
(120, 158)
(120, 159)
(120, 160)
(120, 161)
(120, 162)
(120, 189)
(120, 213)
(120, 214)
(120, 215)
(120, 216)
(120, 217)
(120, 218)
(120, 219)
(120, 220)
(120, 221)
(121, 151)
(121, 152)
(121, 153)
(121, 154)
(121, 155)
(121, 156)
(121, 157)
(121, 158)
(121, 159)
(121, 160)
(121, 161)
(121, 162)
(121, 163)
(121, 190)
(121, 213)
(121, 214)
(121, 215)
(121, 216)
(121, 217)
(121, 218)
(121, 219)
(121, 220)
(121, 221)
(121, 222)
(122, 150)
(122, 151)
(122, 152)
(122, 153)
(122, 154)
(122, 155)
(122, 156)
(122, 157)
(122, 158)
(122, 159)
(122, 160)
(122, 161)
(122, 162)
(122, 163)
(122, 190)
(122, 191)
(122, 214)
(122, 215)
(122, 216)
(122, 217)
(122, 218)
(122, 219)
(122, 220)
(122, 221)
(122, 222)
(123, 151)
(123, 152)
(123, 153)
(123, 154)
(123, 155)
(123, 156)
(123, 157)
(123, 158)
(123, 159)
(123, 160)
(123, 161)
(123, 162)
(123, 163)
(123, 164)
(123, 191)
(123, 192)
(123, 215)
(123, 216)
(123, 217)
(123, 219)
(123, 220)
(123, 221)
(123, 222)
(123, 223)
(124, 150)
(124, 151)
(124, 152)
(124, 153)
(124, 154)
(124, 155)
(124, 156)
(124, 157)
(124, 158)
(124, 159)
(124, 160)
(124, 161)
(124, 162)
(124, 163)
(124, 164)
(124, 165)
(124, 191)
(124, 192)
(124, 215)
(124, 216)
(124, 217)
(124, 218)
(124, 219)
(124, 220)
(124, 221)
(124, 222)
(124, 223)
(124, 224)
(125, 151)
(125, 152)
(125, 153)
(125, 154)
(125, 155)
(125, 156)
(125, 157)
(125, 158)
(125, 159)
(125, 160)
(125, 161)
(125, 162)
(125, 163)
(125, 164)
(125, 165)
(125, 192)
(125, 193)
(125, 216)
(125, 217)
(125, 218)
(125, 219)
(125, 220)
(125, 221)
(125, 222)
(125, 223)
(125, 224)
(125, 225)
(126, 151)
(126, 152)
(126, 153)
(126, 154)
(126, 155)
(126, 156)
(126, 157)
(126, 158)
(126, 159)
(126, 160)
(126, 161)
(126, 162)
(126, 163)
(126, 164)
(126, 165)
(126, 166)
(126, 193)
(126, 194)
(126, 217)
(126, 218)
(126, 219)
(126, 220)
(126, 221)
(126, 222)
(126, 223)
(126, 224)
(126, 225)
(127, 151)
(127, 153)
(127, 154)
(127, 155)
(127, 156)
(127, 157)
(127, 158)
(127, 159)
(127, 160)
(127, 161)
(127, 162)
(127, 163)
(127, 164)
(127, 165)
(127, 166)
(127, 167)
(127, 194)
(127, 218)
(127, 219)
(127, 220)
(127, 221)
(127, 222)
(127, 223)
(127, 224)
(127, 225)
(127, 226)
(128, 150)
(128, 151)
(128, 152)
(128, 153)
(128, 154)
(128, 155)
(128, 156)
(128, 157)
(128, 158)
(128, 159)
(128, 160)
(128, 161)
(128, 162)
(128, 163)
(128, 164)
(128, 165)
(128, 166)
(128, 167)
(128, 194)
(128, 195)
(128, 218)
(128, 219)
(128, 220)
(128, 221)
(128, 222)
(128, 223)
(128, 224)
(128, 225)
(128, 226)
(128, 227)
(129, 151)
(129, 152)
(129, 153)
(129, 154)
(129, 155)
(129, 156)
(129, 157)
(129, 158)
(129, 159)
(129, 160)
(129, 161)
(129, 162)
(129, 163)
(129, 164)
(129, 165)
(129, 166)
(129, 167)
(129, 168)
(129, 195)
(129, 196)
(129, 220)
(129, 221)
(129, 222)
(129, 223)
(129, 224)
(129, 225)
(129, 226)
(129, 227)
(129, 228)
(130, 151)
(130, 152)
(130, 153)
(130, 154)
(130, 155)
(130, 156)
(130, 157)
(130, 158)
(130, 159)
(130, 160)
(130, 161)
(130, 162)
(130, 163)
(130, 164)
(130, 165)
(130, 166)
(130, 167)
(130, 168)
(130, 196)
(130, 220)
(130, 221)
(130, 222)
(130, 224)
(130, 225)
(130, 226)
(130, 227)
(130, 228)
(130, 229)
(131, 151)
(131, 152)
(131, 153)
(131, 154)
(131, 155)
(131, 156)
(131, 157)
(131, 158)
(131, 159)
(131, 160)
(131, 161)
(131, 162)
(131, 163)
(131, 164)
(131, 165)
(131, 166)
(131, 167)
(131, 168)
(131, 169)
(131, 197)
(131, 220)
(131, 221)
(131, 222)
(131, 223)
(131, 224)
(131, 225)
(131, 226)
(131, 227)
(131, 228)
(131, 229)
(132, 150)
(132, 151)
(132, 152)
(132, 153)
(132, 154)
(132, 155)
(132, 156)
(132, 157)
(132, 158)
(132, 159)
(132, 160)
(132, 161)
(132, 162)
(132, 163)
(132, 164)
(132, 165)
(132, 166)
(132, 167)
(132, 169)
(132, 170)
(132, 198)
(132, 221)
(132, 222)
(132, 223)
(132, 224)
(132, 225)
(132, 226)
(132, 227)
(132, 228)
(132, 229)
(132, 230)
(133, 141)
(133, 142)
(133, 143)
(133, 148)
(133, 151)
(133, 153)
(133, 154)
(133, 155)
(133, 156)
(133, 157)
(133, 158)
(133, 159)
(133, 160)
(133, 161)
(133, 162)
(133, 163)
(133, 164)
(133, 165)
(133, 166)
(133, 167)
(133, 168)
(133, 169)
(133, 170)
(133, 171)
(133, 198)
(133, 199)
(133, 222)
(133, 223)
(133, 224)
(133, 225)
(133, 226)
(133, 227)
(133, 228)
(133, 229)
(133, 230)
(133, 231)
(134, 140)
(134, 141)
(134, 142)
(134, 143)
(134, 149)
(134, 152)
(134, 153)
(134, 154)
(134, 155)
(134, 156)
(134, 157)
(134, 158)
(134, 159)
(134, 160)
(134, 161)
(134, 162)
(134, 163)
(134, 164)
(134, 165)
(134, 166)
(134, 167)
(134, 168)
(134, 169)
(134, 170)
(134, 171)
(134, 172)
(134, 199)
(134, 200)
(134, 224)
(134, 225)
(134, 226)
(134, 227)
(134, 228)
(134, 229)
(134, 230)
(134, 231)
(134, 232)
(135, 140)
(135, 141)
(135, 142)
(135, 143)
(135, 144)
(135, 153)
(135, 154)
(135, 155)
(135, 156)
(135, 157)
(135, 158)
(135, 159)
(135, 160)
(135, 161)
(135, 162)
(135, 163)
(135, 164)
(135, 165)
(135, 166)
(135, 167)
(135, 168)
(135, 169)
(135, 170)
(135, 171)
(135, 172)
(135, 173)
(135, 200)
(135, 223)
(135, 224)
(135, 225)
(135, 226)
(135, 227)
(135, 228)
(135, 229)
(135, 230)
(135, 231)
(135, 232)
(135, 233)
(136, 140)
(136, 141)
(136, 142)
(136, 143)
(136, 144)
(136, 153)
(136, 154)
(136, 155)
(136, 156)
(136, 157)
(136, 158)
(136, 159)
(136, 160)
(136, 161)
(136, 162)
(136, 163)
(136, 164)
(136, 165)
(136, 166)
(136, 167)
(136, 168)
(136, 169)
(136, 170)
(136, 171)
(136, 172)
(136, 173)
(136, 200)
(136, 201)
(136, 224)
(136, 225)
(136, 226)
(136, 227)
(136, 228)
(136, 229)
(136, 230)
(136, 231)
(136, 232)
(136, 233)
(137, 140)
(137, 141)
(137, 142)
(137, 143)
(137, 144)
(137, 145)
(137, 153)
(137, 154)
(137, 155)
(137, 156)
(137, 157)
(137, 158)
(137, 159)
(137, 160)
(137, 161)
(137, 162)
(137, 163)
(137, 164)
(137, 165)
(137, 166)
(137, 167)
(137, 168)
(137, 169)
(137, 170)
(137, 171)
(137, 172)
(137, 173)
(137, 174)
(137, 202)
(137, 226)
(137, 227)
(137, 228)
(137, 229)
(137, 230)
(137, 231)
(137, 232)
(137, 233)
(137, 234)
(138, 140)
(138, 141)
(138, 142)
(138, 143)
(138, 144)
(138, 145)
(138, 154)
(138, 155)
(138, 156)
(138, 157)
(138, 158)
(138, 159)
(138, 160)
(138, 161)
(138, 162)
(138, 163)
(138, 164)
(138, 165)
(138, 166)
(138, 167)
(138, 168)
(138, 169)
(138, 170)
(138, 171)
(138, 172)
(138, 173)
(138, 174)
(138, 175)
(138, 202)
(138, 203)
(138, 227)
(138, 228)
(138, 229)
(138, 230)
(138, 231)
(138, 232)
(138, 233)
(138, 234)
(138, 235)
(139, 143)
(139, 144)
(139, 145)
(139, 154)
(139, 155)
(139, 156)
(139, 157)
(139, 158)
(139, 159)
(139, 160)
(139, 161)
(139, 162)
(139, 163)
(139, 164)
(139, 165)
(139, 166)
(139, 167)
(139, 168)
(139, 169)
(139, 170)
(139, 171)
(139, 172)
(139, 173)
(139, 174)
(139, 175)
(139, 176)
(139, 203)
(139, 226)
(139, 227)
(139, 228)
(139, 229)
(139, 230)
(139, 231)
(139, 232)
(139, 233)
(139, 234)
(139, 235)
(139, 236)
(140, 144)
(140, 155)
(140, 156)
(140, 157)
(140, 158)
(140, 159)
(140, 160)
(140, 161)
(140, 162)
(140, 163)
(140, 164)
(140, 165)
(140, 166)
(140, 167)
(140, 168)
(140, 169)
(140, 170)
(140, 171)
(140, 172)
(140, 173)
(140, 174)
(140, 175)
(140, 176)
(140, 177)
(140, 204)
(140, 227)
(140, 228)
(140, 229)
(140, 230)
(140, 231)
(140, 232)
(140, 233)
(140, 234)
(140, 235)
(140, 236)
(141, 144)
(141, 155)
(141, 156)
(141, 157)
(141, 158)
(141, 159)
(141, 160)
(141, 161)
(141, 162)
(141, 163)
(141, 164)
(141, 165)
(141, 166)
(141, 167)
(141, 168)
(141, 169)
(141, 170)
(141, 171)
(141, 172)
(141, 173)
(141, 174)
(141, 175)
(141, 176)
(141, 177)
(141, 178)
(141, 205)
(141, 228)
(141, 229)
(141, 230)
(141, 231)
(141, 232)
(141, 233)
(141, 234)
(141, 235)
(141, 236)
(141, 237)
(142, 156)
(142, 157)
(142, 158)
(142, 159)
(142, 160)
(142, 161)
(142, 162)
(142, 163)
(142, 164)
(142, 165)
(142, 166)
(142, 167)
(142, 168)
(142, 169)
(142, 170)
(142, 171)
(142, 172)
(142, 173)
(142, 174)
(142, 175)
(142, 176)
(142, 177)
(142, 178)
(142, 179)
(142, 205)
(142, 206)
(142, 229)
(142, 230)
(142, 231)
(142, 232)
(142, 233)
(142, 234)
(142, 235)
(142, 236)
(142, 237)
(142, 238)
(143, 156)
(143, 157)
(143, 158)
(143, 159)
(143, 160)
(143, 161)
(143, 162)
(143, 163)
(143, 164)
(143, 165)
(143, 166)
(143, 167)
(143, 168)
(143, 169)
(143, 170)
(143, 171)
(143, 172)
(143, 173)
(143, 174)
(143, 175)
(143, 176)
(143, 177)
(143, 178)
(143, 180)
(143, 206)
(143, 230)
(143, 232)
(143, 233)
(143, 234)
(143, 235)
(143, 236)
(143, 237)
(143, 238)
(144, 157)
(144, 158)
(144, 159)
(144, 160)
(144, 161)
(144, 162)
(144, 163)
(144, 164)
(144, 165)
(144, 166)
(144, 167)
(144, 168)
(144, 169)
(144, 170)
(144, 171)
(144, 172)
(144, 173)
(144, 174)
(144, 175)
(144, 176)
(144, 177)
(144, 178)
(144, 179)
(144, 180)
(144, 181)
(144, 230)
(144, 232)
(144, 233)
(144, 234)
(144, 235)
(144, 236)
(144, 237)
(144, 238)
(144, 239)
(145, 157)
(145, 158)
(145, 159)
(145, 160)
(145, 161)
(145, 162)
(145, 163)
(145, 164)
(145, 165)
(145, 166)
(145, 167)
(145, 168)
(145, 169)
(145, 170)
(145, 171)
(145, 172)
(145, 173)
(145, 174)
(145, 175)
(145, 176)
(145, 177)
(145, 178)
(145, 179)
(145, 180)
(145, 181)
(145, 182)
(145, 208)
(145, 209)
(145, 232)
(145, 233)
(145, 234)
(145, 235)
(145, 236)
(145, 237)
(145, 238)
(145, 239)
(145, 240)
(146, 158)
(146, 159)
(146, 160)
(146, 161)
(146, 162)
(146, 163)
(146, 164)
(146, 165)
(146, 166)
(146, 167)
(146, 168)
(146, 169)
(146, 170)
(146, 171)
(146, 172)
(146, 173)
(146, 174)
(146, 175)
(146, 176)
(146, 177)
(146, 178)
(146, 179)
(146, 180)
(146, 181)
(146, 182)
(146, 183)
(146, 208)
(146, 209)
(146, 231)
(146, 232)
(146, 233)
(146, 234)
(146, 235)
(146, 236)
(146, 237)
(146, 238)
(146, 239)
(146, 240)
(146, 241)
(147, 159)
(147, 160)
(147, 161)
(147, 162)
(147, 163)
(147, 164)
(147, 165)
(147, 166)
(147, 167)
(147, 168)
(147, 169)
(147, 170)
(147, 171)
(147, 172)
(147, 173)
(147, 174)
(147, 175)
(147, 176)
(147, 177)
(147, 178)
(147, 179)
(147, 180)
(147, 181)
(147, 182)
(147, 183)
(147, 210)
(147, 233)
(147, 234)
(147, 235)
(147, 236)
(147, 237)
(147, 238)
(147, 239)
(147, 240)
(147, 241)
(148, 159)
(148, 160)
(148, 161)
(148, 162)
(148, 163)
(148, 164)
(148, 165)
(148, 166)
(148, 167)
(148, 168)
(148, 169)
(148, 170)
(148, 171)
(148, 172)
(148, 173)
(148, 174)
(148, 175)
(148, 176)
(148, 177)
(148, 178)
(148, 179)
(148, 180)
(148, 181)
(148, 182)
(148, 183)
(148, 184)
(148, 185)
(148, 210)
(148, 211)
(148, 233)
(148, 234)
(148, 235)
(148, 236)
(148, 237)
(148, 238)
(148, 239)
(148, 240)
(148, 241)
(148, 242)
(149, 160)
(149, 161)
(149, 162)
(149, 163)
(149, 164)
(149, 165)
(149, 166)
(149, 167)
(149, 168)
(149, 169)
(149, 170)
(149, 171)
(149, 172)
(149, 173)
(149, 174)
(149, 175)
(149, 176)
(149, 177)
(149, 178)
(149, 179)
(149, 180)
(149, 181)
(149, 182)
(149, 183)
(149, 184)
(149, 185)
(149, 186)
(149, 211)
(149, 234)
(149, 235)
(149, 236)
(149, 237)
(149, 238)
(149, 239)
(149, 240)
(149, 241)
(149, 242)
(149, 243)
(150, 160)
(150, 161)
(150, 162)
(150, 163)
(150, 164)
(150, 165)
(150, 166)
(150, 167)
(150, 168)
(150, 169)
(150, 170)
(150, 171)
(150, 172)
(150, 173)
(150, 174)
(150, 175)
(150, 176)
(150, 177)
(150, 178)
(150, 179)
(150, 180)
(150, 181)
(150, 182)
(150, 183)
(150, 184)
(150, 185)
(150, 186)
(150, 187)
(150, 212)
(150, 213)
(150, 234)
(150, 235)
(150, 236)
(150, 237)
(150, 238)
(150, 239)
(150, 240)
(150, 241)
(150, 242)
(150, 243)
(151, 145)
(151, 161)
(151, 162)
(151, 163)
(151, 164)
(151, 165)
(151, 166)
(151, 167)
(151, 168)
(151, 169)
(151, 170)
(151, 171)
(151, 172)
(151, 173)
(151, 174)
(151, 175)
(151, 176)
(151, 177)
(151, 178)
(151, 179)
(151, 180)
(151, 181)
(151, 182)
(151, 183)
(151, 184)
(151, 185)
(151, 186)
(151, 187)
(151, 188)
(151, 237)
(151, 238)
(151, 239)
(151, 240)
(151, 241)
(151, 242)
(151, 243)
(151, 244)
(152, 162)
(152, 163)
(152, 164)
(152, 165)
(152, 166)
(152, 167)
(152, 168)
(152, 169)
(152, 170)
(152, 171)
(152, 172)
(152, 173)
(152, 174)
(152, 175)
(152, 176)
(152, 177)
(152, 178)
(152, 179)
(152, 180)
(152, 181)
(152, 182)
(152, 183)
(152, 184)
(152, 185)
(152, 186)
(152, 187)
(152, 188)
(152, 189)
(152, 213)
(152, 214)
(152, 215)
(152, 236)
(152, 237)
(152, 238)
(152, 239)
(152, 240)
(152, 241)
(152, 242)
(152, 243)
(152, 244)
(152, 245)
(153, 163)
(153, 164)
(153, 165)
(153, 166)
(153, 167)
(153, 168)
(153, 169)
(153, 170)
(153, 171)
(153, 172)
(153, 173)
(153, 174)
(153, 175)
(153, 176)
(153, 177)
(153, 178)
(153, 179)
(153, 180)
(153, 181)
(153, 182)
(153, 183)
(153, 184)
(153, 185)
(153, 186)
(153, 187)
(153, 188)
(153, 189)
(153, 190)
(153, 191)
(153, 214)
(153, 215)
(153, 237)
(153, 238)
(153, 239)
(153, 240)
(153, 241)
(153, 242)
(153, 243)
(153, 244)
(153, 245)
(154, 164)
(154, 165)
(154, 166)
(154, 167)
(154, 168)
(154, 169)
(154, 170)
(154, 171)
(154, 172)
(154, 173)
(154, 174)
(154, 175)
(154, 176)
(154, 177)
(154, 178)
(154, 179)
(154, 180)
(154, 181)
(154, 182)
(154, 183)
(154, 184)
(154, 185)
(154, 186)
(154, 187)
(154, 188)
(154, 189)
(154, 190)
(154, 191)
(154, 192)
(154, 215)
(154, 238)
(154, 239)
(154, 240)
(154, 241)
(154, 242)
(154, 243)
(154, 244)
(154, 245)
(154, 246)
(155, 145)
(155, 164)
(155, 165)
(155, 166)
(155, 167)
(155, 168)
(155, 169)
(155, 170)
(155, 171)
(155, 172)
(155, 173)
(155, 174)
(155, 175)
(155, 176)
(155, 177)
(155, 178)
(155, 179)
(155, 180)
(155, 181)
(155, 182)
(155, 183)
(155, 184)
(155, 185)
(155, 186)
(155, 187)
(155, 188)
(155, 189)
(155, 190)
(155, 191)
(155, 192)
(155, 193)
(155, 216)
(155, 238)
(155, 239)
(155, 240)
(155, 241)
(155, 242)
(155, 243)
(155, 244)
(155, 245)
(155, 246)
(155, 247)
(156, 164)
(156, 165)
(156, 166)
(156, 167)
(156, 168)
(156, 169)
(156, 170)
(156, 171)
(156, 172)
(156, 173)
(156, 174)
(156, 175)
(156, 176)
(156, 177)
(156, 178)
(156, 179)
(156, 180)
(156, 181)
(156, 182)
(156, 183)
(156, 184)
(156, 185)
(156, 186)
(156, 187)
(156, 188)
(156, 189)
(156, 190)
(156, 191)
(156, 192)
(156, 193)
(156, 194)
(156, 216)
(156, 217)
(156, 240)
(156, 241)
(156, 243)
(156, 244)
(156, 245)
(156, 246)
(156, 247)
(157, 145)
(157, 166)
(157, 167)
(157, 168)
(157, 169)
(157, 170)
(157, 171)
(157, 172)
(157, 173)
(157, 174)
(157, 175)
(157, 176)
(157, 177)
(157, 178)
(157, 179)
(157, 180)
(157, 181)
(157, 182)
(157, 183)
(157, 184)
(157, 185)
(157, 186)
(157, 187)
(157, 188)
(157, 189)
(157, 190)
(157, 191)
(157, 192)
(157, 193)
(157, 194)
(157, 195)
(157, 217)
(157, 218)
(157, 240)
(157, 241)
(157, 243)
(157, 244)
(157, 245)
(157, 246)
(157, 247)
(157, 248)
(158, 166)
(158, 167)
(158, 168)
(158, 169)
(158, 170)
(158, 171)
(158, 172)
(158, 173)
(158, 174)
(158, 175)
(158, 176)
(158, 177)
(158, 178)
(158, 179)
(158, 180)
(158, 181)
(158, 182)
(158, 183)
(158, 184)
(158, 185)
(158, 186)
(158, 187)
(158, 188)
(158, 189)
(158, 190)
(158, 191)
(158, 192)
(158, 193)
(158, 194)
(158, 195)
(158, 196)
(158, 197)
(158, 217)
(158, 219)
(158, 241)
(158, 242)
(158, 243)
(158, 244)
(158, 245)
(158, 246)
(158, 247)
(158, 248)
(159, 145)
(159, 167)
(159, 168)
(159, 169)
(159, 170)
(159, 171)
(159, 172)
(159, 173)
(159, 174)
(159, 175)
(159, 176)
(159, 177)
(159, 178)
(159, 179)
(159, 180)
(159, 181)
(159, 182)
(159, 183)
(159, 184)
(159, 185)
(159, 186)
(159, 187)
(159, 188)
(159, 189)
(159, 190)
(159, 191)
(159, 192)
(159, 193)
(159, 194)
(159, 195)
(159, 196)
(159, 197)
(159, 198)
(159, 218)
(159, 219)
(159, 242)
(159, 243)
(159, 244)
(159, 245)
(159, 246)
(159, 247)
(159, 248)
(159, 249)
(160, 145)
(160, 167)
(160, 168)
(160, 169)
(160, 170)
(160, 171)
(160, 172)
(160, 173)
(160, 174)
(160, 175)
(160, 176)
(160, 177)
(160, 178)
(160, 179)
(160, 180)
(160, 181)
(160, 182)
(160, 183)
(160, 184)
(160, 185)
(160, 186)
(160, 187)
(160, 188)
(160, 189)
(160, 190)
(160, 191)
(160, 192)
(160, 193)
(160, 194)
(160, 195)
(160, 196)
(160, 197)
(160, 198)
(160, 199)
(160, 219)
(160, 242)
(160, 243)
(160, 244)
(160, 245)
(160, 246)
(160, 247)
(160, 249)
(161, 168)
(161, 169)
(161, 170)
(161, 171)
(161, 172)
(161, 173)
(161, 174)
(161, 175)
(161, 176)
(161, 177)
(161, 178)
(161, 179)
(161, 180)
(161, 181)
(161, 182)
(161, 183)
(161, 184)
(161, 185)
(161, 186)
(161, 187)
(161, 188)
(161, 189)
(161, 190)
(161, 191)
(161, 192)
(161, 193)
(161, 194)
(161, 195)
(161, 196)
(161, 197)
(161, 198)
(161, 199)
(161, 200)
(161, 201)
(161, 220)
(161, 222)
(161, 243)
(161, 244)
(161, 245)
(161, 246)
(161, 247)
(161, 248)
(161, 249)
(161, 250)
(162, 145)
(162, 169)
(162, 170)
(162, 171)
(162, 172)
(162, 173)
(162, 174)
(162, 175)
(162, 176)
(162, 177)
(162, 178)
(162, 179)
(162, 180)
(162, 181)
(162, 182)
(162, 183)
(162, 184)
(162, 185)
(162, 186)
(162, 187)
(162, 188)
(162, 189)
(162, 190)
(162, 191)
(162, 192)
(162, 193)
(162, 194)
(162, 195)
(162, 196)
(162, 197)
(162, 198)
(162, 199)
(162, 200)
(162, 201)
(162, 220)
(162, 221)
(162, 244)
(162, 245)
(162, 246)
(162, 247)
(162, 248)
(162, 250)
(163, 170)
(163, 171)
(163, 172)
(163, 173)
(163, 174)
(163, 175)
(163, 176)
(163, 177)
(163, 178)
(163, 179)
(163, 180)
(163, 181)
(163, 182)
(163, 183)
(163, 184)
(163, 185)
(163, 186)
(163, 187)
(163, 188)
(163, 189)
(163, 190)
(163, 191)
(163, 192)
(163, 193)
(163, 194)
(163, 195)
(163, 196)
(163, 197)
(163, 198)
(163, 199)
(163, 200)
(163, 201)
(163, 202)
(163, 203)
(163, 221)
(163, 222)
(163, 245)
(163, 246)
(163, 247)
(163, 248)
(163, 250)
(163, 251)
(164, 171)
(164, 172)
(164, 173)
(164, 174)
(164, 175)
(164, 176)
(164, 177)
(164, 178)
(164, 179)
(164, 180)
(164, 181)
(164, 182)
(164, 183)
(164, 184)
(164, 185)
(164, 186)
(164, 187)
(164, 188)
(164, 189)
(164, 190)
(164, 191)
(164, 192)
(164, 193)
(164, 194)
(164, 195)
(164, 196)
(164, 197)
(164, 198)
(164, 199)
(164, 200)
(164, 201)
(164, 202)
(164, 203)
(164, 204)
(164, 221)
(164, 222)
(164, 245)
(164, 246)
(164, 247)
(164, 248)
(164, 249)
(164, 250)
(164, 251)
(165, 146)
(165, 172)
(165, 173)
(165, 174)
(165, 175)
(165, 176)
(165, 177)
(165, 178)
(165, 179)
(165, 180)
(165, 181)
(165, 182)
(165, 183)
(165, 184)
(165, 185)
(165, 186)
(165, 187)
(165, 188)
(165, 189)
(165, 190)
(165, 191)
(165, 192)
(165, 193)
(165, 194)
(165, 195)
(165, 196)
(165, 197)
(165, 198)
(165, 199)
(165, 200)
(165, 201)
(165, 202)
(165, 203)
(165, 204)
(165, 205)
(165, 222)
(165, 223)
(165, 246)
(165, 247)
(165, 248)
(165, 250)
(165, 251)
(165, 252)
(166, 146)
(166, 173)
(166, 174)
(166, 175)
(166, 176)
(166, 177)
(166, 178)
(166, 179)
(166, 180)
(166, 181)
(166, 182)
(166, 183)
(166, 184)
(166, 185)
(166, 186)
(166, 187)
(166, 188)
(166, 189)
(166, 190)
(166, 191)
(166, 192)
(166, 193)
(166, 194)
(166, 195)
(166, 196)
(166, 197)
(166, 198)
(166, 199)
(166, 200)
(166, 201)
(166, 202)
(166, 203)
(166, 204)
(166, 205)
(166, 206)
(166, 207)
(166, 247)
(166, 248)
(166, 249)
(166, 250)
(166, 251)
(166, 252)
(167, 146)
(167, 174)
(167, 175)
(167, 176)
(167, 177)
(167, 178)
(167, 179)
(167, 180)
(167, 181)
(167, 182)
(167, 183)
(167, 184)
(167, 185)
(167, 186)
(167, 187)
(167, 188)
(167, 189)
(167, 190)
(167, 191)
(167, 192)
(167, 193)
(167, 194)
(167, 195)
(167, 196)
(167, 197)
(167, 198)
(167, 200)
(167, 201)
(167, 202)
(167, 203)
(167, 204)
(167, 205)
(167, 206)
(167, 207)
(167, 208)
(167, 248)
(167, 249)
(167, 250)
(167, 251)
(167, 252)
(167, 253)
(168, 146)
(168, 174)
(168, 175)
(168, 177)
(168, 178)
(168, 179)
(168, 180)
(168, 181)
(168, 182)
(168, 183)
(168, 184)
(168, 185)
(168, 186)
(168, 187)
(168, 188)
(168, 189)
(168, 190)
(168, 191)
(168, 192)
(168, 193)
(168, 194)
(168, 195)
(168, 196)
(168, 197)
(168, 198)
(168, 199)
(168, 200)
(168, 201)
(168, 202)
(168, 203)
(168, 204)
(168, 205)
(168, 206)
(168, 207)
(168, 208)
(168, 209)
(168, 223)
(168, 248)
(168, 249)
(168, 250)
(168, 251)
(168, 252)
(168, 253)
(169, 177)
(169, 178)
(169, 179)
(169, 180)
(169, 181)
(169, 182)
(169, 183)
(169, 184)
(169, 185)
(169, 186)
(169, 187)
(169, 188)
(169, 189)
(169, 190)
(169, 191)
(169, 192)
(169, 193)
(169, 194)
(169, 195)
(169, 196)
(169, 197)
(169, 198)
(169, 199)
(169, 200)
(169, 201)
(169, 202)
(169, 203)
(169, 204)
(169, 205)
(169, 206)
(169, 207)
(169, 208)
(169, 209)
(169, 210)
(169, 249)
(169, 250)
(169, 251)
(169, 252)
(169, 253)
(170, 147)
(170, 177)
(170, 178)
(170, 179)
(170, 180)
(170, 181)
(170, 182)
(170, 183)
(170, 184)
(170, 185)
(170, 186)
(170, 187)
(170, 188)
(170, 189)
(170, 190)
(170, 191)
(170, 192)
(170, 193)
(170, 194)
(170, 195)
(170, 196)
(170, 197)
(170, 198)
(170, 199)
(170, 200)
(170, 201)
(170, 202)
(170, 203)
(170, 204)
(170, 205)
(170, 206)
(170, 207)
(170, 208)
(170, 209)
(170, 210)
(170, 211)
(170, 249)
(170, 250)
(170, 251)
(170, 252)
(170, 253)
(170, 254)
(171, 147)
(171, 178)
(171, 179)
(171, 180)
(171, 181)
(171, 182)
(171, 183)
(171, 184)
(171, 185)
(171, 186)
(171, 187)
(171, 188)
(171, 189)
(171, 190)
(171, 191)
(171, 192)
(171, 193)
(171, 194)
(171, 195)
(171, 196)
(171, 197)
(171, 198)
(171, 199)
(171, 200)
(171, 201)
(171, 202)
(171, 203)
(171, 204)
(171, 205)
(171, 206)
(171, 207)
(171, 208)
(171, 209)
(171, 210)
(171, 211)
(171, 212)
(171, 213)
(171, 250)
(171, 251)
(171, 252)
(171, 253)
(171, 254)
(172, 147)
(172, 179)
(172, 180)
(172, 181)
(172, 182)
(172, 183)
(172, 184)
(172, 185)
(172, 186)
(172, 187)
(172, 188)
(172, 189)
(172, 190)
(172, 191)
(172, 192)
(172, 193)
(172, 194)
(172, 195)
(172, 196)
(172, 197)
(172, 198)
(172, 199)
(172, 200)
(172, 202)
(172, 203)
(172, 204)
(172, 205)
(172, 206)
(172, 207)
(172, 208)
(172, 209)
(172, 210)
(172, 211)
(172, 212)
(172, 213)
(172, 214)
(172, 215)
(172, 224)
(172, 225)
(172, 250)
(172, 251)
(172, 252)
(172, 253)
(172, 254)
(173, 180)
(173, 181)
(173, 182)
(173, 183)
(173, 184)
(173, 185)
(173, 186)
(173, 187)
(173, 188)
(173, 189)
(173, 190)
(173, 191)
(173, 192)
(173, 193)
(173, 194)
(173, 195)
(173, 196)
(173, 197)
(173, 198)
(173, 199)
(173, 200)
(173, 201)
(173, 202)
(173, 203)
(173, 204)
(173, 205)
(173, 206)
(173, 207)
(173, 208)
(173, 209)
(173, 210)
(173, 211)
(173, 212)
(173, 213)
(173, 214)
(173, 215)
(173, 216)
(173, 225)
(173, 251)
(173, 252)
(173, 253)
(174, 181)
(174, 182)
(174, 183)
(174, 184)
(174, 185)
(174, 186)
(174, 187)
(174, 188)
(174, 189)
(174, 190)
(174, 191)
(174, 192)
(174, 193)
(174, 194)
(174, 195)
(174, 196)
(174, 197)
(174, 198)
(174, 199)
(174, 200)
(174, 201)
(174, 202)
(174, 203)
(174, 204)
(174, 205)
(174, 206)
(174, 207)
(174, 208)
(174, 209)
(174, 210)
(174, 211)
(174, 212)
(174, 213)
(174, 214)
(174, 216)
(174, 217)
(174, 225)
(174, 251)
(174, 252)
(174, 253)
(174, 254)
(175, 182)
(175, 183)
(175, 184)
(175, 185)
(175, 186)
(175, 187)
(175, 188)
(175, 189)
(175, 190)
(175, 191)
(175, 192)
(175, 193)
(175, 194)
(175, 195)
(175, 196)
(175, 197)
(175, 198)
(175, 199)
(175, 200)
(175, 201)
(175, 202)
(175, 203)
(175, 204)
(175, 205)
(175, 207)
(175, 208)
(175, 209)
(175, 210)
(175, 212)
(175, 213)
(175, 214)
(175, 215)
(175, 216)
(175, 217)
(175, 218)
(175, 252)
(175, 253)
(175, 254)
(175, 255)
(176, 137)
(176, 147)
(176, 183)
(176, 184)
(176, 185)
(176, 186)
(176, 187)
(176, 188)
(176, 189)
(176, 190)
(176, 191)
(176, 192)
(176, 193)
(176, 194)
(176, 195)
(176, 196)
(176, 197)
(176, 198)
(176, 199)
(176, 200)
(176, 201)
(176, 202)
(176, 203)
(176, 204)
(176, 205)
(176, 206)
(176, 207)
(176, 208)
(176, 209)
(176, 210)
(176, 211)
(176, 212)
(176, 213)
(176, 214)
(176, 215)
(176, 216)
(176, 217)
(176, 218)
(176, 219)
(176, 251)
(176, 252)
(176, 253)
(176, 255)
(177, 135)
(177, 136)
(177, 137)
(177, 138)
(177, 145)
(177, 146)
(177, 147)
(177, 185)
(177, 188)
(177, 189)
(177, 190)
(177, 191)
(177, 192)
(177, 193)
(177, 194)
(177, 195)
(177, 196)
(177, 197)
(177, 198)
(177, 199)
(177, 200)
(177, 201)
(177, 202)
(177, 203)
(177, 204)
(177, 205)
(177, 206)
(177, 207)
(177, 208)
(177, 209)
(177, 210)
(177, 211)
(177, 212)
(177, 213)
(177, 214)
(177, 215)
(177, 216)
(177, 217)
(177, 218)
(177, 219)
(177, 220)
(177, 225)
(177, 253)
(177, 254)
(177, 255)
(178, 134)
(178, 135)
(178, 136)
(178, 137)
(178, 138)
(178, 139)
(178, 140)
(178, 143)
(178, 144)
(178, 145)
(178, 146)
(178, 147)
(178, 148)
(178, 186)
(178, 187)
(178, 188)
(178, 189)
(178, 190)
(178, 191)
(178, 192)
(178, 193)
(178, 194)
(178, 195)
(178, 196)
(178, 197)
(178, 198)
(178, 199)
(178, 200)
(178, 201)
(178, 202)
(178, 203)
(178, 204)
(178, 205)
(178, 206)
(178, 207)
(178, 208)
(178, 209)
(178, 210)
(178, 211)
(178, 212)
(178, 213)
(178, 214)
(178, 215)
(178, 216)
(178, 217)
(178, 218)
(178, 219)
(178, 220)
(178, 221)
(178, 225)
(178, 253)
(178, 254)
(178, 255)
(179, 133)
(179, 134)
(179, 135)
(179, 136)
(179, 137)
(179, 138)
(179, 139)
(179, 141)
(179, 142)
(179, 143)
(179, 144)
(179, 145)
(179, 146)
(179, 147)
(179, 148)
(179, 188)
(179, 189)
(179, 190)
(179, 191)
(179, 192)
(179, 193)
(179, 194)
(179, 195)
(179, 196)
(179, 197)
(179, 198)
(179, 199)
(179, 200)
(179, 201)
(179, 202)
(179, 203)
(179, 204)
(179, 205)
(179, 206)
(179, 207)
(179, 208)
(179, 209)
(179, 210)
(179, 211)
(179, 212)
(179, 213)
(179, 214)
(179, 215)
(179, 216)
(179, 217)
(179, 218)
(179, 219)
(179, 220)
(179, 221)
(179, 222)
(179, 223)
(179, 224)
(179, 254)
(179, 255)
(180, 131)
(180, 132)
(180, 133)
(180, 134)
(180, 135)
(180, 136)
(180, 137)
(180, 138)
(180, 139)
(180, 140)
(180, 141)
(180, 142)
(180, 143)
(180, 144)
(180, 145)
(180, 146)
(180, 147)
(180, 148)
(180, 189)
(180, 191)
(180, 192)
(180, 193)
(180, 194)
(180, 195)
(180, 196)
(180, 197)
(180, 198)
(180, 199)
(180, 200)
(180, 201)
(180, 202)
(180, 203)
(180, 204)
(180, 205)
(180, 206)
(180, 207)
(180, 208)
(180, 209)
(180, 210)
(180, 211)
(180, 212)
(180, 213)
(180, 214)
(180, 215)
(180, 216)
(180, 217)
(180, 218)
(180, 219)
(180, 220)
(180, 221)
(180, 222)
(180, 223)
(180, 224)
(180, 225)
(180, 226)
(180, 254)
(180, 255)
(181, 130)
(181, 131)
(181, 132)
(181, 133)
(181, 134)
(181, 135)
(181, 136)
(181, 137)
(181, 138)
(181, 139)
(181, 140)
(181, 141)
(181, 142)
(181, 143)
(181, 144)
(181, 145)
(181, 146)
(181, 147)
(181, 148)
(181, 149)
(181, 190)
(181, 191)
(181, 193)
(181, 194)
(181, 195)
(181, 196)
(181, 197)
(181, 198)
(181, 199)
(181, 200)
(181, 201)
(181, 202)
(181, 203)
(181, 204)
(181, 205)
(181, 206)
(181, 207)
(181, 208)
(181, 209)
(181, 210)
(181, 211)
(181, 212)
(181, 213)
(181, 214)
(181, 215)
(181, 216)
(181, 217)
(181, 218)
(181, 219)
(181, 220)
(181, 221)
(181, 222)
(181, 223)
(181, 224)
(181, 225)
(181, 254)
(181, 255)
(182, 129)
(182, 130)
(182, 131)
(182, 132)
(182, 133)
(182, 134)
(182, 135)
(182, 136)
(182, 137)
(182, 138)
(182, 139)
(182, 140)
(182, 141)
(182, 142)
(182, 143)
(182, 144)
(182, 145)
(182, 146)
(182, 147)
(182, 148)
(182, 149)
(182, 191)
(182, 192)
(182, 193)
(182, 194)
(182, 195)
(182, 196)
(182, 197)
(182, 198)
(182, 199)
(182, 200)
(182, 201)
(182, 202)
(182, 203)
(182, 204)
(182, 205)
(182, 206)
(182, 207)
(182, 208)
(182, 209)
(182, 210)
(182, 211)
(182, 212)
(182, 213)
(182, 214)
(182, 215)
(182, 216)
(182, 217)
(182, 218)
(182, 219)
(182, 220)
(182, 221)
(182, 222)
(182, 223)
(182, 224)
(182, 225)
(182, 254)
(182, 255)
(183, 128)
(183, 129)
(183, 130)
(183, 131)
(183, 132)
(183, 133)
(183, 134)
(183, 135)
(183, 136)
(183, 137)
(183, 138)
(183, 139)
(183, 140)
(183, 141)
(183, 142)
(183, 143)
(183, 144)
(183, 145)
(183, 146)
(183, 147)
(183, 148)
(183, 149)
(183, 193)
(183, 194)
(183, 195)
(183, 196)
(183, 197)
(183, 198)
(183, 199)
(183, 200)
(183, 201)
(183, 202)
(183, 203)
(183, 204)
(183, 205)
(183, 206)
(183, 207)
(183, 208)
(183, 209)
(183, 210)
(183, 211)
(183, 212)
(183, 213)
(183, 214)
(183, 215)
(183, 216)
(183, 217)
(183, 218)
(183, 219)
(183, 220)
(183, 221)
(183, 222)
(183, 223)
(183, 224)
(183, 225)
(183, 255)
(184, 127)
(184, 128)
(184, 129)
(184, 130)
(184, 131)
(184, 132)
(184, 133)
(184, 134)
(184, 135)
(184, 136)
(184, 137)
(184, 138)
(184, 139)
(184, 140)
(184, 141)
(184, 142)
(184, 143)
(184, 144)
(184, 145)
(184, 146)
(184, 147)
(184, 148)
(184, 149)
(184, 194)
(184, 196)
(184, 197)
(184, 198)
(184, 199)
(184, 200)
(184, 201)
(184, 202)
(184, 203)
(184, 204)
(184, 205)
(184, 206)
(184, 207)
(184, 208)
(184, 209)
(184, 210)
(184, 211)
(184, 212)
(184, 213)
(184, 214)
(184, 215)
(184, 216)
(184, 217)
(184, 218)
(184, 219)
(184, 220)
(184, 221)
(184, 222)
(184, 223)
(184, 224)
(184, 225)
(184, 255)
(185, 127)
(185, 128)
(185, 129)
(185, 130)
(185, 131)
(185, 132)
(185, 133)
(185, 134)
(185, 135)
(185, 136)
(185, 137)
(185, 138)
(185, 139)
(185, 140)
(185, 141)
(185, 142)
(185, 143)
(185, 144)
(185, 145)
(185, 146)
(185, 147)
(185, 148)
(185, 149)
(185, 196)
(185, 197)
(185, 198)
(185, 199)
(185, 200)
(185, 201)
(185, 202)
(185, 203)
(185, 204)
(185, 205)
(185, 206)
(185, 207)
(185, 208)
(185, 209)
(185, 210)
(185, 211)
(185, 212)
(185, 213)
(185, 214)
(185, 215)
(185, 216)
(185, 217)
(185, 218)
(185, 219)
(185, 220)
(185, 221)
(185, 222)
(185, 223)
(185, 224)
(185, 225)
(185, 226)
(185, 255)
(186, 125)
(186, 126)
(186, 127)
(186, 128)
(186, 129)
(186, 130)
(186, 131)
(186, 132)
(186, 133)
(186, 134)
(186, 135)
(186, 136)
(186, 137)
(186, 138)
(186, 139)
(186, 140)
(186, 141)
(186, 142)
(186, 143)
(186, 144)
(186, 145)
(186, 146)
(186, 147)
(186, 148)
(186, 149)
(186, 150)
(186, 197)
(186, 198)
(186, 200)
(186, 201)
(186, 202)
(186, 203)
(186, 204)
(186, 205)
(186, 206)
(186, 207)
(186, 208)
(186, 209)
(186, 210)
(186, 211)
(186, 212)
(186, 213)
(186, 214)
(186, 215)
(186, 216)
(186, 217)
(186, 218)
(186, 219)
(186, 220)
(186, 221)
(186, 222)
(186, 223)
(186, 224)
(186, 225)
(186, 226)
(186, 255)
(187, 124)
(187, 125)
(187, 126)
(187, 127)
(187, 129)
(187, 130)
(187, 131)
(187, 132)
(187, 133)
(187, 134)
(187, 135)
(187, 136)
(187, 137)
(187, 138)
(187, 139)
(187, 140)
(187, 141)
(187, 142)
(187, 143)
(187, 144)
(187, 145)
(187, 146)
(187, 147)
(187, 148)
(187, 149)
(187, 150)
(187, 198)
(187, 199)
(187, 200)
(187, 201)
(187, 202)
(187, 203)
(187, 204)
(187, 205)
(187, 206)
(187, 207)
(187, 208)
(187, 209)
(187, 210)
(187, 211)
(187, 212)
(187, 213)
(187, 214)
(187, 215)
(187, 216)
(187, 217)
(187, 218)
(187, 219)
(187, 220)
(187, 221)
(187, 222)
(187, 223)
(187, 224)
(187, 225)
(187, 226)
(188, 123)
(188, 124)
(188, 125)
(188, 126)
(188, 127)
(188, 128)
(188, 129)
(188, 130)
(188, 131)
(188, 132)
(188, 133)
(188, 134)
(188, 135)
(188, 136)
(188, 137)
(188, 138)
(188, 139)
(188, 143)
(188, 144)
(188, 145)
(188, 146)
(188, 147)
(188, 148)
(188, 149)
(188, 150)
(188, 200)
(188, 201)
(188, 202)
(188, 203)
(188, 204)
(188, 205)
(188, 206)
(188, 207)
(188, 208)
(188, 209)
(188, 210)
(188, 211)
(188, 212)
(188, 213)
(188, 214)
(188, 215)
(188, 216)
(188, 217)
(188, 218)
(188, 219)
(188, 220)
(188, 221)
(188, 222)
(188, 223)
(188, 224)
(188, 225)
(188, 226)
(188, 254)
(189, 122)
(189, 123)
(189, 124)
(189, 125)
(189, 126)
(189, 127)
(189, 128)
(189, 129)
(189, 130)
(189, 131)
(189, 132)
(189, 133)
(189, 134)
(189, 135)
(189, 136)
(189, 137)
(189, 141)
(189, 142)
(189, 143)
(189, 144)
(189, 145)
(189, 146)
(189, 147)
(189, 148)
(189, 149)
(189, 150)
(189, 201)
(189, 202)
(189, 203)
(189, 204)
(189, 205)
(189, 206)
(189, 207)
(189, 208)
(189, 209)
(189, 210)
(189, 211)
(189, 212)
(189, 213)
(189, 214)
(189, 215)
(189, 216)
(189, 217)
(189, 218)
(189, 219)
(189, 220)
(189, 221)
(189, 222)
(189, 223)
(189, 224)
(189, 225)
(189, 226)
(189, 227)
(189, 228)
(189, 254)
(190, 121)
(190, 122)
(190, 123)
(190, 124)
(190, 125)
(190, 126)
(190, 127)
(190, 128)
(190, 129)
(190, 130)
(190, 131)
(190, 132)
(190, 133)
(190, 134)
(190, 135)
(190, 139)
(190, 140)
(190, 141)
(190, 142)
(190, 143)
(190, 145)
(190, 146)
(190, 147)
(190, 148)
(190, 149)
(190, 150)
(190, 203)
(190, 204)
(190, 205)
(190, 206)
(190, 207)
(190, 208)
(190, 209)
(190, 210)
(190, 211)
(190, 212)
(190, 213)
(190, 214)
(190, 215)
(190, 216)
(190, 217)
(190, 218)
(190, 219)
(190, 220)
(190, 221)
(190, 222)
(190, 223)
(190, 224)
(190, 225)
(190, 226)
(190, 227)
(190, 228)
(190, 254)
(191, 120)
(191, 121)
(191, 122)
(191, 124)
(191, 125)
(191, 126)
(191, 128)
(191, 129)
(191, 130)
(191, 131)
(191, 132)
(191, 136)
(191, 138)
(191, 139)
(191, 140)
(191, 141)
(191, 142)
(191, 143)
(191, 144)
(191, 204)
(191, 205)
(191, 206)
(191, 207)
(191, 208)
(191, 209)
(191, 210)
(191, 211)
(191, 212)
(191, 213)
(191, 214)
(191, 215)
(191, 216)
(191, 217)
(191, 218)
(191, 219)
(191, 220)
(191, 221)
(191, 222)
(191, 223)
(191, 224)
(191, 225)
(191, 226)
(191, 227)
(191, 254)
(192, 120)
(192, 121)
(192, 122)
(192, 123)
(192, 124)
(192, 125)
(192, 126)
(192, 127)
(192, 128)
(192, 129)
(192, 130)
(192, 131)
(192, 132)
(192, 134)
(192, 135)
(192, 136)
(192, 137)
(192, 138)
(192, 139)
(192, 140)
(192, 141)
(192, 142)
(192, 143)
(192, 145)
(192, 205)
(192, 206)
(192, 207)
(192, 208)
(192, 209)
(192, 210)
(192, 211)
(192, 212)
(192, 213)
(192, 214)
(192, 215)
(192, 216)
(192, 217)
(192, 218)
(192, 219)
(192, 220)
(192, 221)
(192, 222)
(192, 223)
(192, 224)
(192, 225)
(192, 226)
(192, 254)
(193, 118)
(193, 119)
(193, 120)
(193, 121)
(193, 122)
(193, 123)
(193, 124)
(193, 125)
(193, 127)
(193, 128)
(193, 129)
(193, 130)
(193, 132)
(193, 133)
(193, 134)
(193, 136)
(193, 137)
(193, 138)
(193, 139)
(193, 140)
(193, 207)
(193, 208)
(193, 209)
(193, 210)
(193, 211)
(193, 212)
(193, 213)
(193, 214)
(193, 216)
(193, 217)
(193, 218)
(193, 219)
(193, 220)
(193, 221)
(193, 222)
(193, 223)
(193, 224)
(193, 225)
(193, 226)
(193, 254)
(194, 117)
(194, 118)
(194, 119)
(194, 120)
(194, 121)
(194, 122)
(194, 123)
(194, 124)
(194, 125)
(194, 126)
(194, 127)
(194, 128)
(194, 129)
(194, 130)
(194, 131)
(194, 132)
(194, 133)
(194, 134)
(194, 135)
(194, 136)
(194, 137)
(194, 138)
(194, 139)
(194, 208)
(194, 209)
(194, 210)
(194, 211)
(194, 212)
(194, 213)
(194, 214)
(194, 215)
(194, 216)
(194, 217)
(194, 218)
(194, 219)
(194, 220)
(194, 221)
(194, 222)
(194, 223)
(194, 224)
(194, 225)
(194, 226)
(194, 227)
(194, 254)
(195, 117)
(195, 118)
(195, 119)
(195, 120)
(195, 121)
(195, 123)
(195, 124)
(195, 125)
(195, 126)
(195, 127)
(195, 130)
(195, 131)
(195, 132)
(195, 133)
(195, 134)
(195, 135)
(195, 136)
(195, 137)
(195, 138)
(195, 210)
(195, 212)
(195, 213)
(195, 214)
(195, 215)
(195, 216)
(195, 217)
(195, 218)
(195, 219)
(195, 220)
(195, 221)
(195, 222)
(195, 223)
(195, 224)
(195, 225)
(195, 226)
(195, 227)
(195, 228)
(195, 254)
(196, 116)
(196, 117)
(196, 118)
(196, 119)
(196, 120)
(196, 121)
(196, 122)
(196, 123)
(196, 124)
(196, 125)
(196, 126)
(196, 129)
(196, 130)
(196, 131)
(196, 132)
(196, 133)
(196, 134)
(196, 136)
(196, 137)
(196, 211)
(196, 212)
(196, 213)
(196, 214)
(196, 215)
(196, 216)
(196, 217)
(196, 218)
(196, 219)
(196, 220)
(196, 221)
(196, 222)
(196, 223)
(196, 225)
(196, 226)
(196, 228)
(196, 254)
(197, 115)
(197, 116)
(197, 117)
(197, 118)
(197, 119)
(197, 120)
(197, 121)
(197, 122)
(197, 123)
(197, 124)
(197, 129)
(197, 130)
(197, 131)
(197, 132)
(197, 133)
(197, 134)
(197, 135)
(197, 213)
(197, 215)
(197, 216)
(197, 217)
(197, 218)
(197, 219)
(197, 220)
(197, 221)
(197, 222)
(197, 223)
(197, 224)
(197, 225)
(197, 254)
(198, 114)
(198, 115)
(198, 116)
(198, 117)
(198, 118)
(198, 119)
(198, 120)
(198, 121)
(198, 122)
(198, 123)
(198, 129)
(198, 130)
(198, 131)
(198, 132)
(198, 133)
(198, 134)
(198, 214)
(198, 215)
(198, 216)
(198, 217)
(198, 218)
(198, 219)
(198, 220)
(198, 221)
(198, 222)
(198, 223)
(198, 224)
(198, 225)
(198, 226)
(198, 227)
(198, 254)
(199, 113)
(199, 115)
(199, 116)
(199, 117)
(199, 118)
(199, 119)
(199, 120)
(199, 121)
(199, 122)
(199, 127)
(199, 128)
(199, 129)
(199, 130)
(199, 132)
(199, 215)
(199, 216)
(199, 217)
(199, 218)
(199, 219)
(199, 220)
(199, 221)
(199, 222)
(199, 223)
(199, 224)
(199, 225)
(199, 254)
(200, 113)
(200, 114)
(200, 115)
(200, 116)
(200, 117)
(200, 118)
(200, 119)
(200, 120)
(200, 121)
(200, 126)
(200, 127)
(200, 128)
(200, 129)
(200, 130)
(200, 131)
(200, 216)
(200, 217)
(200, 218)
(200, 219)
(200, 220)
(200, 221)
(200, 222)
(200, 223)
(200, 253)
(200, 254)
(201, 114)
(201, 115)
(201, 116)
(201, 117)
(201, 118)
(201, 119)
(201, 120)
(201, 125)
(201, 126)
(201, 127)
(201, 128)
(201, 219)
(201, 220)
(201, 221)
(201, 222)
(201, 223)
(201, 253)
(202, 115)
(202, 116)
(202, 117)
(202, 118)
(202, 119)
(202, 124)
(202, 125)
(202, 126)
(202, 127)
(202, 129)
(202, 219)
(202, 220)
(202, 221)
(202, 222)
(202, 223)
(202, 253)
(203, 117)
(203, 118)
(203, 119)
(203, 123)
(203, 124)
(203, 125)
(203, 126)
(203, 221)
(203, 222)
(203, 223)
(203, 224)
(203, 253)
(204, 122)
(204, 123)
(204, 124)
(204, 125)
(204, 223)
(204, 224)
(204, 253)
(205, 123)
(205, 124)
(205, 126)
(205, 224)
(205, 252)
(205, 253)
(206, 119)
(206, 122)
(206, 123)
(206, 222)
(206, 252)
(207, 121)
(207, 122)
(207, 252)
(208, 119)
(208, 120)
(208, 121)
(208, 251)
(208, 252)
(209, 118)
(209, 119)
(209, 120)
(209, 251)
(210, 117)
(210, 118)
(210, 119)
(210, 250)
(211, 117)
(211, 118)
(211, 250)
(212, 117)
(212, 249)
(213, 111)
(213, 115)
(213, 116)
(213, 249)
(214, 110)
(214, 115)
(214, 248)
(214, 249)
(215, 114)
(215, 226)
(215, 248)
(216, 109)
(216, 110)
(216, 226)
(216, 247)
(217, 109)
(217, 226)
(217, 246)
(218, 108)
(218, 109)
(218, 110)
(218, 245)
(218, 246)
(219, 110)
(219, 111)
(219, 227)
(219, 245)
(220, 111)
(220, 113)
(220, 114)
(220, 115)
(220, 116)
(220, 227)
(220, 244)
(220, 245)
(221, 117)
(221, 118)
(221, 119)
(221, 243)
(221, 244)
(222, 120)
(222, 122)
(222, 123)
(222, 124)
(222, 125)
(222, 242)
(222, 243)
(223, 126)
(223, 127)
(223, 128)
(223, 129)
(223, 228)
(223, 241)
(223, 242)
(224, 128)
(224, 130)
(224, 131)
(224, 241)
(224, 242)
(225, 131)
(225, 132)
(225, 133)
(225, 134)
(225, 135)
(225, 241)
(226, 133)
(226, 134)
(226, 137)
(226, 238)
(226, 239)
(226, 240)
(227, 128)
(227, 129)
(227, 130)
(227, 131)
(227, 132)
(227, 134)
(227, 135)
(227, 136)
(227, 139)
(227, 226)
(227, 238)
(228, 127)
(228, 128)
(228, 129)
(228, 130)
(228, 131)
(228, 132)
(228, 133)
(228, 134)
(228, 135)
(228, 136)
(228, 137)
(228, 140)
(228, 141)
(228, 226)
(228, 227)
(228, 236)
(228, 237)
(228, 238)
(229, 127)
(229, 128)
(229, 129)
(229, 130)
(229, 132)
(229, 133)
(229, 134)
(229, 135)
(229, 136)
(229, 137)
(229, 138)
(229, 139)
(229, 140)
(229, 226)
(229, 236)
(229, 237)
(230, 126)
(230, 127)
(230, 128)
(230, 129)
(230, 130)
(230, 131)
(230, 132)
(230, 133)
(230, 134)
(230, 135)
(230, 136)
(230, 137)
(230, 138)
(230, 139)
(230, 140)
(230, 141)
(230, 145)
(230, 225)
(230, 226)
(230, 227)
(230, 235)
(230, 236)
(231, 125)
(231, 126)
(231, 127)
(231, 128)
(231, 129)
(231, 130)
(231, 131)
(231, 132)
(231, 134)
(231, 137)
(231, 138)
(231, 139)
(231, 140)
(231, 141)
(231, 142)
(231, 143)
(231, 234)
(231, 235)
(232, 125)
(232, 126)
(232, 127)
(232, 128)
(232, 129)
(232, 130)
(232, 131)
(232, 132)
(232, 133)
(232, 134)
(232, 135)
(232, 136)
(232, 137)
(232, 138)
(232, 139)
(232, 140)
(232, 141)
(232, 142)
(232, 143)
(232, 144)
(232, 149)
(232, 224)
(232, 225)
(232, 233)
(232, 234)
(233, 126)
(233, 128)
(233, 130)
(233, 131)
(233, 132)
(233, 133)
(233, 134)
(233, 135)
(233, 136)
(233, 137)
(233, 138)
(233, 139)
(233, 141)
(233, 143)
(233, 144)
(233, 145)
(233, 146)
(233, 147)
(233, 224)
(233, 232)
(233, 233)
(234, 125)
(234, 126)
(234, 127)
(234, 128)
(234, 129)
(234, 130)
(234, 131)
(234, 132)
(234, 133)
(234, 134)
(234, 135)
(234, 136)
(234, 137)
(234, 138)
(234, 140)
(234, 141)
(234, 142)
(234, 144)
(234, 145)
(234, 146)
(234, 147)
(234, 148)
(234, 149)
(234, 231)
(234, 232)
(235, 126)
(235, 127)
(235, 128)
(235, 129)
(235, 130)
(235, 131)
(235, 132)
(235, 133)
(235, 134)
(235, 135)
(235, 136)
(235, 137)
(235, 139)
(235, 140)
(235, 141)
(235, 142)
(235, 144)
(235, 145)
(235, 146)
(235, 147)
(235, 149)
(235, 150)
(235, 230)
(235, 231)
(236, 126)
(236, 127)
(236, 129)
(236, 130)
(236, 131)
(236, 132)
(236, 133)
(236, 137)
(236, 138)
(236, 139)
(236, 140)
(236, 141)
(236, 142)
(236, 143)
(236, 144)
(236, 145)
(236, 146)
(236, 147)
(236, 148)
(236, 149)
(236, 150)
(236, 151)
(236, 152)
(236, 229)
(236, 230)
(237, 126)
(237, 128)
(237, 130)
(237, 131)
(237, 132)
(237, 133)
(237, 134)
(237, 135)
(237, 137)
(237, 139)
(237, 140)
(237, 141)
(237, 142)
(237, 143)
(237, 145)
(237, 146)
(237, 147)
(237, 148)
(237, 149)
(237, 150)
(237, 151)
(237, 152)
(237, 153)
(237, 154)
(238, 126)
(238, 127)
(238, 128)
(238, 130)
(238, 131)
(238, 132)
(238, 133)
(238, 134)
(238, 137)
(238, 138)
(238, 139)
(238, 140)
(238, 141)
(238, 142)
(238, 143)
(238, 144)
(238, 145)
(238, 146)
(238, 147)
(238, 148)
(238, 149)
(238, 150)
(238, 151)
(238, 152)
(238, 153)
(238, 154)
(238, 156)
(238, 227)
(239, 126)
(239, 127)
(239, 128)
(239, 129)
(239, 130)
(239, 131)
(239, 132)
(239, 134)
(239, 138)
(239, 139)
(239, 140)
(239, 141)
(239, 142)
(239, 143)
(239, 145)
(239, 146)
(239, 147)
(239, 148)
(239, 149)
(239, 150)
(239, 151)
(239, 152)
(239, 153)
(239, 154)
(239, 155)
(239, 156)
(239, 157)
(239, 158)
(240, 126)
(240, 128)
(240, 129)
(240, 130)
(240, 131)
(240, 132)
(240, 133)
(240, 134)
(240, 137)
(240, 138)
(240, 139)
(240, 141)
(240, 142)
(240, 143)
(240, 145)
(240, 146)
(240, 147)
(240, 148)
(240, 149)
(240, 150)
(240, 151)
(240, 152)
(240, 153)
(240, 154)
(240, 155)
(240, 156)
(240, 157)
(240, 158)
(240, 159)
(240, 223)
(240, 224)
(241, 129)
(241, 130)
(241, 131)
(241, 133)
(241, 138)
(241, 140)
(241, 141)
(241, 142)
(241, 144)
(241, 145)
(241, 146)
(241, 147)
(241, 148)
(241, 149)
(241, 150)
(241, 151)
(241, 152)
(241, 153)
(241, 154)
(241, 155)
(241, 156)
(241, 157)
(241, 158)
(241, 159)
(241, 160)
(241, 161)
(241, 162)
(241, 163)
(241, 222)
(241, 223)
(242, 143)
(242, 144)
(242, 145)
(242, 146)
(242, 147)
(242, 148)
(242, 149)
(242, 150)
(242, 163)
(242, 164)
(242, 166)
(242, 220)
(242, 221)
(243, 165)
(243, 166)
(243, 167)
(243, 219)
(244, 165)
(244, 166)
(244, 167)
(244, 169)
(244, 217)
(244, 218)
(245, 131)
(245, 133)
(245, 137)
(245, 139)
(245, 141)
(245, 143)
(245, 152)
(245, 153)
(245, 154)
(245, 155)
(245, 156)
(245, 157)
(245, 158)
(245, 159)
(245, 160)
(245, 161)
(245, 162)
(245, 163)
(245, 164)
(245, 165)
(245, 166)
(245, 167)
(245, 168)
(245, 169)
(245, 170)
(245, 171)
(245, 172)
(245, 173)
(246, 122)
(246, 123)
(246, 139)
(246, 153)
(246, 154)
(246, 155)
(246, 156)
(246, 157)
(246, 158)
(246, 159)
(246, 160)
(246, 161)
(246, 162)
(246, 163)
(246, 164)
(246, 165)
(246, 166)
(246, 167)
(246, 168)
(246, 169)
(246, 170)
(246, 171)
(246, 172)
(246, 173)
(246, 174)
(246, 175)
(246, 176)
(246, 177)
(246, 211)
(246, 212)
(247, 122)
(247, 129)
(247, 130)
(247, 131)
(247, 132)
(247, 133)
(247, 134)
(247, 135)
(247, 136)
(247, 150)
(247, 151)
(247, 152)
(247, 153)
(247, 154)
(247, 155)
(247, 156)
(247, 157)
(247, 158)
(247, 159)
(247, 160)
(247, 161)
(247, 162)
(247, 163)
(247, 164)
(247, 165)
(247, 166)
(247, 168)
(247, 169)
(247, 170)
(247, 171)
(247, 172)
(247, 173)
(247, 174)
(247, 175)
(247, 176)
(247, 177)
(247, 178)
(247, 179)
(247, 180)
(247, 181)
(247, 183)
(247, 185)
(247, 187)
(247, 189)
(247, 191)
(247, 192)
(247, 193)
(247, 194)
(247, 195)
(247, 196)
(247, 197)
(247, 198)
(247, 199)
(247, 200)
(247, 201)
(247, 202)
(247, 203)
(247, 204)
(247, 205)
(247, 206)
(247, 207)
(247, 208)
(247, 209)
(247, 210)
(247, 211)
(247, 212)
(247, 213)
(248, 122)
(248, 128)
(248, 129)
(248, 130)
(248, 131)
(248, 132)
(248, 133)
(248, 134)
(248, 135)
(248, 136)
(248, 140)
(248, 141)
(248, 142)
(248, 143)
(248, 144)
(248, 145)
(248, 146)
(248, 147)
(248, 149)
(248, 150)
(248, 152)
(248, 153)
(248, 154)
(248, 155)
(248, 156)
(248, 157)
(248, 158)
(248, 159)
(248, 160)
(248, 161)
(248, 162)
(248, 163)
(248, 164)
(248, 165)
(248, 166)
(248, 167)
(248, 168)
(248, 169)
(248, 170)
(248, 171)
(248, 172)
(248, 174)
(248, 175)
(248, 177)
(248, 178)
(248, 179)
(248, 180)
(248, 181)
(248, 182)
(248, 183)
(248, 184)
(248, 185)
(248, 186)
(248, 187)
(248, 188)
(248, 189)
(248, 190)
(248, 191)
(248, 192)
(248, 193)
(248, 194)
(248, 195)
(248, 196)
(248, 197)
(248, 198)
(248, 199)
(248, 200)
(248, 201)
(248, 202)
(248, 203)
(248, 204)
(248, 205)
(248, 206)
(248, 207)
(248, 208)
(248, 209)
(248, 210)
(248, 211)
(248, 212)
(248, 213)
(248, 214)
(249, 122)
(249, 123)
(249, 124)
(249, 125)
(249, 128)
(249, 129)
(249, 130)
(249, 131)
(249, 132)
(249, 133)
(249, 134)
(249, 135)
(249, 136)
(249, 137)
(249, 144)
(249, 145)
(249, 146)
(249, 147)
(249, 148)
(249, 150)
(249, 151)
(249, 152)
(249, 153)
(249, 154)
(249, 155)
(249, 157)
(249, 158)
(249, 159)
(249, 160)
(249, 161)
(249, 163)
(249, 165)
(249, 166)
(249, 167)
(249, 168)
(249, 169)
(249, 170)
(249, 171)
(249, 172)
(249, 173)
(249, 179)
(249, 180)
(249, 181)
(249, 182)
(249, 183)
(249, 184)
(249, 185)
(249, 186)
(249, 187)
(249, 188)
(249, 189)
(249, 190)
(249, 191)
(249, 192)
(249, 193)
(249, 194)
(249, 195)
(249, 196)
(249, 197)
(249, 198)
(249, 199)
(249, 200)
(249, 201)
(249, 202)
(249, 203)
(249, 204)
(249, 205)
(249, 206)
(249, 207)
(249, 208)
(249, 209)
(249, 210)
(249, 211)
(249, 212)
(249, 213)
(249, 214)
(249, 215)
(250, 122)
(250, 123)
(250, 124)
(250, 125)
(250, 128)
(250, 129)
(250, 130)
(250, 131)
(250, 132)
(250, 133)
(250, 134)
(250, 135)
(250, 136)
(250, 137)
(250, 141)
(250, 143)
(250, 144)
(250, 145)
(250, 146)
(250, 147)
(250, 148)
(250, 149)
(250, 150)
(250, 151)
(250, 152)
(250, 153)
(250, 154)
(250, 155)
(250, 156)
(250, 157)
(250, 158)
(250, 159)
(250, 161)
(250, 162)
(250, 166)
(250, 167)
(250, 168)
(250, 169)
(250, 170)
(250, 171)
(250, 172)
(250, 179)
(250, 180)
(250, 181)
(250, 182)
(250, 183)
(250, 184)
(250, 185)
(250, 186)
(250, 187)
(250, 188)
(250, 189)
(250, 190)
(250, 191)
(250, 192)
(250, 193)
(250, 194)
(250, 195)
(250, 196)
(250, 197)
(250, 198)
(250, 199)
(250, 200)
(250, 201)
(250, 202)
(250, 203)
(250, 204)
(250, 205)
(250, 206)
(250, 207)
(250, 208)
(250, 209)
(250, 211)
(250, 212)
(250, 214)
(250, 215)
(251, 122)
(251, 128)
(251, 129)
(251, 130)
(251, 131)
(251, 132)
(251, 133)
(251, 134)
(251, 135)
(251, 136)
(251, 142)
(251, 144)
(251, 145)
(251, 146)
(251, 147)
(251, 148)
(251, 149)
(251, 150)
(251, 151)
(251, 152)
(251, 153)
(251, 154)
(251, 155)
(251, 156)
(251, 157)
(251, 158)
(251, 159)
(251, 160)
(251, 161)
(251, 162)
(251, 163)
(251, 164)
(251, 165)
(251, 166)
(251, 167)
(251, 168)
(251, 169)
(251, 170)
(251, 171)
(251, 172)
(251, 173)
(251, 174)
(251, 175)
(251, 176)
(251, 177)
(251, 178)
(251, 179)
(251, 180)
(251, 181)
(251, 182)
(251, 183)
(251, 184)
(251, 185)
(251, 186)
(251, 187)
(251, 188)
(251, 189)
(251, 190)
(251, 191)
(251, 192)
(251, 193)
(251, 194)
(251, 195)
(251, 196)
(251, 197)
(251, 198)
(251, 199)
(251, 200)
(251, 201)
(251, 202)
(251, 203)
(251, 204)
(251, 205)
(251, 206)
(251, 207)
(251, 208)
(251, 209)
(251, 210)
(251, 211)
(251, 212)
(251, 213)
(251, 214)
(251, 215)
(251, 216)
(252, 121)
(252, 122)
(252, 127)
(252, 128)
(252, 129)
(252, 130)
(252, 131)
(252, 132)
(252, 133)
(252, 134)
(252, 135)
(252, 136)
(252, 142)
(252, 143)
(252, 144)
(252, 145)
(252, 146)
(252, 147)
(252, 148)
(252, 149)
(252, 150)
(252, 151)
(252, 152)
(252, 153)
(252, 154)
(252, 155)
(252, 156)
(252, 157)
(252, 158)
(252, 159)
(252, 160)
(252, 161)
(252, 162)
(252, 163)
(252, 164)
(252, 165)
(252, 166)
(252, 167)
(252, 169)
(252, 170)
(252, 172)
(252, 173)
(252, 174)
(252, 175)
(252, 176)
(252, 177)
(252, 178)
(252, 179)
(252, 180)
(252, 181)
(252, 182)
(252, 183)
(252, 184)
(252, 186)
(252, 187)
(252, 188)
(252, 189)
(252, 190)
(252, 191)
(252, 192)
(252, 193)
(252, 194)
(252, 195)
(252, 196)
(252, 197)
(252, 198)
(252, 199)
(252, 200)
(252, 201)
(252, 202)
(252, 203)
(252, 204)
(252, 205)
(252, 206)
(252, 207)
(252, 208)
(252, 209)
(252, 210)
(252, 211)
(252, 212)
(252, 213)
(252, 216)
(253, 121)
(253, 122)
(253, 128)
(253, 129)
(253, 130)
(253, 131)
(253, 132)
(253, 133)
(253, 134)
(253, 135)
(253, 136)
(253, 138)
(253, 142)
(253, 143)
(253, 144)
(253, 145)
(253, 146)
(253, 147)
(253, 149)
(253, 152)
(253, 154)
(253, 155)
(253, 156)
(253, 157)
(253, 161)
(253, 162)
(253, 163)
(253, 164)
(253, 165)
(253, 166)
(253, 167)
(253, 168)
(253, 169)
(253, 170)
(253, 171)
(253, 172)
(253, 174)
(253, 176)
(253, 177)
(253, 183)
(253, 185)
(253, 186)
(253, 187)
(253, 188)
(253, 189)
(253, 202)
(253, 203)
(253, 204)
(253, 205)
(253, 206)
(253, 207)
(253, 208)
(253, 209)
(253, 210)
(253, 211)
(253, 212)
(253, 213)
(254, 121)
(254, 127)
(254, 128)
(254, 129)
(254, 130)
(254, 131)
(254, 132)
(254, 133)
(254, 134)
(254, 135)
(254, 136)
(254, 137)
(254, 140)
(254, 141)
(254, 142)
(254, 143)
(254, 144)
(254, 145)
(254, 146)
(254, 147)
(254, 148)
(254, 149)
(254, 150)
(254, 155)
(254, 161)
(254, 164)
(254, 165)
(254, 166)
(254, 167)
(254, 168)
(254, 169)
(254, 170)
(254, 171)
(254, 172)
(254, 175)
(254, 177)
(254, 185)
(254, 189)
(254, 199)
(254, 203)
(254, 204)
(254, 205)
(254, 206)
(254, 207)
(254, 209)
(254, 210)
(254, 211)
(254, 212)
(255, 121)
(255, 128)
(255, 129)
(255, 130)
(255, 131)
(255, 133)
(255, 134)
(255, 135)
(255, 136)
(255, 137)
(255, 139)
(255, 140)
(255, 141)
(255, 142)
(255, 143)
(255, 145)
(255, 146)
(255, 148)
(255, 149)
(255, 150)
(255, 153)
(255, 155)
(255, 163)
(255, 164)
(255, 165)
(255, 166)
(255, 167)
(255, 168)
(255, 169)
(255, 170)
(255, 171)
(255, 172)
(255, 173)
(255, 174)
(255, 176)
(255, 177)
(255, 204)
(255, 205)
(255, 206)
(255, 207)
(255, 208)
(255, 209)
(255, 210)
(255, 211)
(255, 212)
(255, 213)
(256, 121)
(256, 127)
(256, 128)
(256, 129)
(256, 130)
(256, 131)
(256, 132)
(256, 134)
(256, 135)
(256, 136)
(256, 138)
(256, 139)
(256, 140)
(256, 141)
(256, 142)
(256, 143)
(256, 144)
(256, 145)
(256, 146)
(256, 147)
(256, 148)
(256, 149)
(256, 150)
(256, 155)
(256, 162)
(256, 163)
(256, 164)
(256, 165)
(256, 166)
(256, 167)
(256, 168)
(256, 169)
(256, 171)
(256, 172)
(256, 173)
(256, 174)
(256, 175)
(256, 177)
(256, 178)
(256, 179)
(256, 204)
(256, 205)
(256, 206)
(256, 207)
(256, 208)
(256, 209)
(256, 210)
(256, 211)
(256, 212)
(256, 213)
(256, 219)
(257, 121)
(257, 127)
(257, 128)
(257, 129)
(257, 130)
(257, 131)
(257, 132)
(257, 133)
(257, 134)
(257, 135)
(257, 136)
(257, 137)
(257, 138)
(257, 139)
(257, 140)
(257, 141)
(257, 142)
(257, 144)
(257, 145)
(257, 146)
(257, 147)
(257, 153)
(257, 163)
(257, 164)
(257, 166)
(257, 167)
(257, 168)
(257, 170)
(257, 171)
(257, 172)
(257, 173)
(257, 174)
(257, 175)
(257, 176)
(257, 177)
(257, 206)
(257, 209)
(257, 220)
(258, 121)
(258, 127)
(258, 128)
(258, 129)
(258, 130)
(258, 131)
(258, 132)
(258, 133)
(258, 135)
(258, 136)
(258, 137)
(258, 138)
(258, 139)
(258, 140)
(258, 141)
(258, 142)
(258, 143)
(258, 144)
(258, 145)
(258, 149)
(258, 151)
(258, 153)
(258, 164)
(258, 165)
(258, 166)
(258, 167)
(258, 168)
(258, 169)
(258, 170)
(258, 171)
(258, 172)
(258, 173)
(258, 174)
(258, 175)
(258, 176)
(258, 201)
(258, 259)
(258, 260)
(259, 121)
(259, 129)
(259, 130)
(259, 131)
(259, 132)
(259, 133)
(259, 134)
(259, 135)
(259, 136)
(259, 137)
(259, 138)
(259, 139)
(259, 140)
(259, 141)
(259, 142)
(259, 143)
(259, 221)
(259, 260)
